0   13.010   -8.578   0.000   0   0.0000000   0.000
0   13.010   -8.578   0.000   0   0.0000000   0.000
0   13.010   -8.578   0.000   0   0.0000000   0.000
0   13.010   -8.578   0.000   0   0.0000000   0.000
0   13.010   -8.578   0.000   0   0.0000000   0.000
0   13.010   -8.578   0.000   0   0.0000000   0.000
0   13.010   -8.578   0.000   0   0.0000000   0.000
0   13.010   -8.578   0.000   0   0.0000000   0.000
0   13.010   -8.578   0.000   0   0.0000000   0.000
0   13.010   -8.578   0.000   0   0.0000000   0.000
0   13.010   -8.578   0.000   0   0.0000000   0.000
0   13.010   -8.578   0.000   0   0.0000000   0.000
0   13.010   -8.578   0.000   0   0.0000000   0.000
0   13.010   -8.578   0.000   0   0.0000000   0.000
0   13.010   -8.578   0.000   0   0.0000000   0.000
0   13.010   -8.578   0.000   0   0.0000000   0.000
0   13.010   -8.578   0.000   0   0.0000000   0.000
0   13.010   -8.578   0.000   0   0.0000000   0.000
0   13.010   -8.578   0.000   0   0.0000000   0.000
0   13.010   -8.578   0.000   0   0.0000000   0.000
0   13.010   -8.578   0.000   0   0.0000000   0.000
0   13.010   -8.578   0.000   0   0.0000000   0.000
0   13.010   -8.578   0.000   0   0.0000000   0.000
0   13.010   -8.578   0.000   0   0.0000000   0.000
0   13.010   -8.578   0.000   0   0.0000000   0.000
0   13.010   -8.578   0.000   0   0.0000000   0.000
0   13.027   -8.589   0.000   0   0.0000000   0.500
0   13.086   -8.628   0.000   0   0.0000000   1.000
0   13.186   -8.696   0.000   0   0.0000000   1.500
0   13.327   -8.792   0.000   0   0.0000000   2.000
0   13.515   -8.909   0.000   0   0.0000000   2.500
0   13.755   -9.033   0.000   0   0.0000000   3.000
0   14.036   -9.138   0.000   0   0.0000000   3.000
0   14.328   -9.206   0.000   0   0.0000000   3.000
0   14.626   -9.244   0.000   0   0.0000000   3.000
0   14.925   -9.258   0.000   0   0.0000000   3.000
0   15.225   -9.257   0.000   0   0.0000000   3.000
0   15.525   -9.248   0.000   0   0.0000000   3.000
0   15.825   -9.237   0.000   0   0.0000000   3.000
0   16.125   -9.235   0.000   0   0.0000000   3.000
0   16.424   -9.254   0.000   0   0.0000000   3.000
0   16.722   -9.291   0.000   0   0.0000000   3.000
0   17.019   -9.334   0.000   0   0.0000000   3.000
0   17.317   -9.363   0.000   0   0.0000000   3.000
0   17.617   -9.361   0.000   0   0.0000000   3.000
0   17.913   -9.313   0.000   0   0.0000000   3.000
0   18.194   -9.209   0.000   0   0.0000000   3.000
0   18.448   -9.050   0.000   0   0.0000000   3.000
0   18.662   -8.842   0.000   0   0.0000000   3.000
0   18.834   -8.596   0.000   0   0.0000000   3.000
0   18.969   -8.328   0.000   0   0.0000000   3.000
0   19.078   -8.049   0.000   0   0.0000000   3.000
0   19.172   -7.764   0.000   0   0.0000000   3.000
0   19.259   -7.477   0.000   0   0.0000000   3.000
0   19.346   -7.190   0.000   0   0.0000000   3.000
0   19.434   -6.903   0.000   0   0.0000000   3.000
0   19.525   -6.617   0.000   0   0.0000000   3.000
0   19.620   -6.332   0.000   0   0.0000000   3.000
0   19.717   -6.049   0.000   0   0.0000000   3.000
0   19.812   -5.764   0.000   0   0.0000000   3.000
0   19.893   -5.475   0.000   0   0.0000000   3.000
0   19.954   -5.182   0.000   0   0.0000000   3.000
0   19.993   -4.884   0.000   0   0.0000000   3.000
0   20.014   -4.585   0.000   0   0.0000000   3.000
0   20.022   -4.285   0.000   0   0.0000000   3.000
0   20.022   -3.985   0.000   0   0.0000000   3.000
0   20.018   -3.685   0.000   0   0.0000000   3.000
0   20.013   -3.385   0.000   0   0.0000000   3.000
0   20.008   -3.085   0.000   0   0.0000000   3.000
0   20.004   -2.785   0.000   0   0.0000000   3.000
0   20.000   -2.485   0.000   0   0.0000000   3.000
0   19.990   -2.185   0.000   0   0.0000000   3.000
0   19.961   -1.887   0.000   0   0.0000000   3.000
0   19.900   -1.594   0.000   0   0.0000000   3.000
0   19.793   -1.313   0.000   0   0.0000000   3.000
0   19.637   -1.058   0.000   0   0.0000000   3.000
0   19.434   -0.838   0.000   0   0.0000000   3.000
0   19.191   -0.662   0.000   0   0.0000000   3.000
0   18.923   -0.528   0.000   0   0.0000000   3.000
0   18.641   -0.427   0.000   0   0.0000000   3.000
0   18.351   -0.347   0.000   0   0.0000000   3.000
0   18.060   -0.278   0.000   0   0.0000000   3.000
0   17.767   -0.212   0.000   0   0.0000000   3.000
0   17.474   -0.146   0.000   0   0.0000000   3.000
0   17.182   -0.077   0.000   0   0.0000000   3.000
0   16.891   -0.004   0.000   0   0.0000000   3.000
0   16.601   0.071   0.000   0   0.0000000   3.000
0   16.311   0.149   0.000   0   0.0000000   3.000
0   16.022   0.227   0.000   0   0.0000000   3.000
0   15.732   0.307   0.000   0   0.0000000   3.000
0   15.443   0.386   0.000   0   0.0000000   3.000
0   15.154   0.466   0.000   0   0.0000000   3.000
0   14.865   0.546   0.000   0   0.0000000   3.000
0   14.575   0.625   0.000   0   0.0000000   3.000
0   14.286   0.704   0.000   0   0.0000000   3.000
0   13.997   0.783   0.000   0   0.0000000   3.000
0   13.706   0.859   0.000   0   0.0000000   3.000
0   13.434   0.919   0.000   0   0.0000000   2.500
0   13.208   0.957   0.000   0   0.0000000   2.000
0   13.030   0.979   0.000   0   0.0000000   1.500
0   12.901   0.992   0.000   0   0.0000000   1.000
0   12.822   0.998   0.000   0   0.0000000   0.500
0   12.773   1.001   0.000   0   0.0000000   0.500
0   12.723   1.004   0.000   0   0.0000000   0.500
0   12.673   1.006   0.000   0   0.0000000   0.500
0   12.623   1.008   0.000   0   0.0000000   0.500
0   12.623   1.008   0.000   0   0.0000000   0.500
0   12.623   1.008   0.000   0   0.0000000   0.500
0   12.623   1.008   0.000   0   0.0000000   0.500
0   12.623   1.008   0.000   0   0.0000000   0.500
0   12.623   1.008   0.000   0   0.0000000   0.500
0   12.623   1.008   0.000   0   0.0000000   0.500
0   12.623   1.008   0.000   0   0.0000000   0.500
0   12.623   1.008   0.000   0   0.0000000   0.500
0   12.623   1.008   0.000   0   0.0000000   0.500
0   12.623   1.008   0.000   0   0.0000000   0.500
0   12.623   1.008   0.000   0   0.0000000   0.500
0   12.623   1.008   0.000   0   0.0000000   0.500
0   12.623   1.008   0.000   0   0.0000000   0.500
0   12.623   1.008   0.000   0   0.0000000   0.500
0   12.623   1.008   0.000   0   0.0000000   0.500
0   12.623   1.008   0.000   0   0.0000000   0.500
0   12.623   1.008   0.000   0   0.0000000   0.500
0   12.623   1.008   0.000   0   0.0000000   0.500
0   12.623   1.008   0.000   0   0.0000000   0.500
0   12.623   1.008   0.000   0   0.0000000   0.500
0   12.623   1.008   0.000   0   0.0000000   0.500
0   12.623   1.008   0.000   0   0.0000000   0.500
0   12.623   1.008   0.000   0   0.0000000   0.500
0   12.623   1.008   0.000   0   0.0000000   0.500
0   12.623   1.008   0.000   0   0.0000000   0.500
0   12.623   1.008   0.000   0   0.0000000   0.500
0   12.623   1.008   0.000   0   0.0000000   0.500
0   12.623   1.008   0.000   0   0.0000000   0.500
0   12.623   1.008   0.000   0   0.0000000   0.500
0   12.623   1.008   0.000   0   0.0000000   0.500
0   12.623   1.008   0.000   0   0.0000000   0.500
0   12.623   1.008   0.000   0   0.0000000   0.500
0   12.623   1.008   0.000   0   0.0000000   0.500
0   12.623   1.008   0.000   0   0.0000000   0.500
0   12.623   1.008   0.000   0   0.0000000   0.500
0   12.623   1.008   0.000   0   0.0000000   0.500
0   12.623   1.008   0.000   0   0.0000000   0.500
0   12.623   1.008   0.000   0   0.0000000   0.500
0   12.623   1.008   0.000   0   0.0000000   0.500
0   12.623   1.008   0.000   0   0.0000000   0.500
0   12.623   1.008   0.000   0   0.0000000   0.500
0   12.623   1.008   0.000   0   0.0000000   0.500
0   12.623   1.008   0.000   0   0.0000000   0.500
0   12.623   1.008   0.000   0   0.0000000   0.500
0   12.623   1.008   0.000   0   0.0000000   0.500
0   12.623   1.008   0.000   0   0.0000000   0.500
0   12.623   1.008   0.000   0   0.0000000   0.500
0   12.623   1.008   0.000   0   0.0000000   0.500
0   12.623   1.008   0.000   0   0.0000000   0.500
0   12.623   1.008   0.000   0   0.0000000   0.500
0   12.623   1.008   0.000   0   0.0000000   0.500
0   12.623   1.008   0.000   0   0.0000000   0.500
0   12.623   1.008   0.000   0   0.0000000   0.500
0   12.623   1.008   0.000   0   0.0000000   0.500
0   12.623   1.008   0.000   0   0.0000000   0.500
0   12.623   1.008   0.000   0   0.0000000   0.500
0   12.623   1.008   0.000   0   0.0000000   0.500
0   12.623   1.008   0.000   0   0.0000000   0.500
0   12.623   1.008   0.000   0   0.0000000   0.500
0   12.623   1.008   0.000   0   0.0000000   0.500
0   12.623   1.008   0.000   0   0.0000000   0.500
0   12.623   1.008   0.000   0   0.0000000   0.500
0   12.623   1.008   0.000   0   0.0000000   0.500
0   12.623   1.008   0.000   0   0.0000000   0.500
0   12.623   1.008   0.000   0   0.0000000   0.500
0   12.623   1.008   0.000   0   0.0000000   0.500
0   12.623   1.008   0.000   0   0.0000000   0.500
0   12.623   1.008   0.000   0   0.0000000   0.500
0   12.623   1.008   0.000   0   0.0000000   0.500
0   12.623   1.008   0.000   0   0.0000000   0.500
0   12.623   1.008   0.000   0   0.0000000   0.500
0   12.623   1.008   0.000   0   0.0000000   0.500
0   12.623   1.008   0.000   0   0.0000000   0.500
0   12.623   1.008   0.000   0   0.0000000   0.500
0   12.623   1.008   0.000   0   0.0000000   0.500
0   12.623   1.008   0.000   0   0.0000000   0.500
0   12.623   1.008   0.000   0   0.0000000   0.500
0   12.623   1.008   0.000   0   0.0000000   0.500
0   12.623   1.008   0.000   0   0.0000000   0.500
0   12.623   1.008   0.000   0   0.0000000   0.500
0   12.623   1.008   0.000   0   0.0000000   0.500
0   12.623   1.008   0.000   0   0.0000000   0.500
0   12.623   1.008   0.000   0   0.0000000   0.500
0   12.623   1.008   0.000   0   0.0000000   0.500
0   12.623   1.008   0.000   0   0.0000000   0.500
0   12.623   1.008   0.000   0   0.0000000   0.500
0   12.623   1.008   0.000   0   0.0000000   0.500
0   12.623   1.008   0.000   0   0.0000000   0.500
0   12.623   1.008   0.000   0   0.0000000   0.500
0   12.623   1.008   0.000   0   0.0000000   0.500
0   12.623   1.008   0.000   0   0.0000000   0.500
0   12.623   1.008   0.000   0   0.0000000   0.500
0   12.623   1.008   0.000   0   0.0000000   0.500
0   12.623   1.008   0.000   0   0.0000000   0.500
0   12.623   1.008   0.000   0   0.0000000   0.500
0   12.623   1.008   0.000   0   0.0000000   0.500
0   12.623   1.008   0.000   0   0.0000000   0.500
0   12.623   1.008   0.000   0   0.0000000   0.500
0   12.623   1.008   0.000   0   0.0000000   0.500
0   12.623   1.008   0.000   0   0.0000000   0.500
0   12.623   1.008   0.000   0   0.0000000   0.500
0   12.623   1.008   0.000   0   0.0000000   0.500
0   12.623   1.008   0.000   0   0.0000000   0.500
0   12.623   1.008   0.000   0   0.0000000   0.500
0   12.623   1.008   0.000   0   0.0000000   0.500
0   12.623   1.008   0.000   0   0.0000000   0.500
0   12.623   1.008   0.000   0   0.0000000   0.500
0   12.623   1.008   0.000   0   0.0000000   0.500
0   12.623   1.008   0.000   0   0.0000000   0.500
0   12.623   1.008   0.000   0   0.0000000   0.500
0   12.623   1.008   0.000   0   0.0000000   0.500
0   12.623   1.008   0.000   0   0.0000000   0.500
0   12.623   1.008   0.000   0   0.0000000   0.500
0   12.623   1.008   0.000   0   0.0000000   0.500
0   12.623   1.008   0.000   0   0.0000000   0.500
0   12.623   1.008   0.000   0   0.0000000   0.500
0   12.623   1.008   0.000   0   0.0000000   0.500
0   12.623   1.008   0.000   0   0.0000000   0.500
0   12.623   1.008   0.000   0   0.0000000   0.500
0   12.623   1.008   0.000   0   0.0000000   0.500
0   12.623   1.008   0.000   0   0.0000000   0.500
0   12.623   1.008   0.000   0   0.0000000   0.500
0   12.623   1.008   0.000   0   0.0000000   0.500
0   12.623   1.008   0.000   0   0.0000000   0.500
0   12.623   1.008   0.000   0   0.0000000   0.500
0   12.623   1.008   0.000   0   0.0000000   0.500
0   12.623   1.008   0.000   0   0.0000000   0.500
0   12.623   1.008   0.000   0   0.0000000   0.500
0   12.623   1.008   0.000   0   0.0000000   0.500
0   12.623   1.008   0.000   0   0.0000000   0.500
0   12.623   1.008   0.000   0   0.0000000   0.500
0   12.623   1.008   0.000   0   0.0000000   0.500
0   12.623   1.008   0.000   0   0.0000000   0.500
0   12.623   1.008   0.000   0   0.0000000   0.500
0   12.623   1.008   0.000   0   0.0000000   0.500
0   12.623   1.008   0.000   0   0.0000000   0.500
0   12.623   1.008   0.000   0   0.0000000   0.500
0   12.623   1.008   0.000   0   0.0000000   0.500
0   12.623   1.008   0.000   0   0.0000000   0.500
0   12.623   1.008   0.000   0   0.0000000   0.500
0   12.623   1.008   0.000   0   0.0000000   0.500
0   12.623   1.008   0.000   0   0.0000000   0.500
0   12.623   1.008   0.000   0   0.0000000   0.500
0   12.623   1.008   0.000   0   0.0000000   0.500
0   12.623   1.008   0.000   0   0.0000000   0.500
0   12.623   1.008   0.000   0   0.0000000   0.500
0   12.623   1.008   0.000   0   0.0000000   0.500
0   12.623   1.008   0.000   0   0.0000000   0.500
0   12.623   1.008   0.000   0   0.0000000   0.500
0   12.623   1.008   0.000   0   0.0000000   0.500
0   12.623   1.008   0.000   0   0.0000000   0.500
0   12.623   1.008   0.000   0   0.0000000   0.500
0   12.623   1.008   0.000   0   0.0000000   0.500
0   12.623   1.008   0.000   0   0.0000000   0.500
0   12.623   1.008   0.000   0   0.0000000   0.500
0   12.623   1.008   0.000   0   0.0000000   0.500
0   12.623   1.008   0.000   0   0.0000000   0.500
0   12.623   1.008   0.000   0   0.0000000   0.500
0   12.623   1.008   0.000   0   0.0000000   0.500
0   12.623   1.008   0.000   0   0.0000000   0.500
0   12.623   1.008   0.000   0   0.0000000   0.500
0   12.623   1.008   0.000   0   0.0000000   0.500
0   12.623   1.008   0.000   0   0.0000000   0.500
0   12.623   1.008   0.000   0   0.0000000   0.500
0   12.623   1.008   0.000   0   0.0000000   0.500
0   12.623   1.008   0.000   0   0.0000000   0.500
0   12.623   1.008   0.000   0   0.0000000   0.500
0   12.623   1.008   0.000   0   0.0000000   0.500
0   12.623   1.008   0.000   0   0.0000000   0.500
0   12.623   1.008   0.000   0   0.0000000   0.500
0   12.623   1.008   0.000   0   0.0000000   0.500
0   12.623   1.008   0.000   0   0.0000000   0.500
0   12.623   1.008   0.000   0   0.0000000   0.500
0   12.623   1.008   0.000   0   0.0000000   0.500
0   12.623   1.008   0.000   0   0.0000000   0.500
0   12.623   1.008   0.000   0   0.0000000   0.500
0   12.623   1.008   0.000   0   0.0000000   0.500
0   12.623   1.008   0.000   0   0.0000000   0.500
0   12.623   1.008   0.000   0   0.0000000   0.500
0   12.623   1.008   0.000   0   0.0000000   0.500
0   12.623   1.008   0.000   0   0.0000000   0.500
0   12.623   1.008   0.000   0   0.0000000   0.500
0   12.623   1.008   0.000   0   0.0000000   0.500
0   12.623   1.008   0.000   0   0.0000000   0.500
0   12.623   1.008   0.000   0   0.0000000   0.500
0   12.623   1.008   0.000   0   0.0000000   0.500
0   12.623   1.008   0.000   0   0.0000000   0.500
0   12.623   1.008   0.000   0   0.0000000   0.500
0   12.623   1.008   0.000   0   0.0000000   0.500
0   12.623   1.008   0.000   0   0.0000000   0.500
0   12.623   1.008   0.000   0   0.0000000   0.500
0   12.623   1.008   0.000   0   0.0000000   0.500
0   12.623   1.008   0.000   0   0.0000000   0.500
0   12.623   1.008   0.000   0   0.0000000   0.500
0   12.623   1.008   0.000   0   0.0000000   0.500
0   12.623   1.008   0.000   0   0.0000000   0.500
0   12.623   1.008   0.000   0   0.0000000   0.500
0   12.623   1.008   0.000   0   0.0000000   0.500
0   12.623   1.008   0.000   0   0.0000000   0.500
0   12.623   1.008   0.000   0   0.0000000   0.500
0   12.623   1.008   0.000   0   0.0000000   0.500
0   12.623   1.008   0.000   0   0.0000000   0.500
0   12.623   1.008   0.000   0   0.0000000   0.500
0   12.623   1.008   0.000   0   0.0000000   0.500
0   12.623   1.008   0.000   0   0.0000000   0.500
0   12.623   1.008   0.000   0   0.0000000   0.500
0   12.623   1.008   0.000   0   0.0000000   0.500
0   12.623   1.008   0.000   0   0.0000000   0.500
0   12.623   1.008   0.000   0   0.0000000   0.500
0   12.623   1.008   0.000   0   0.0000000   0.500
0   12.623   1.008   0.000   0   0.0000000   0.500
0   12.623   1.008   0.000   0   0.0000000   0.500
0   12.623   1.008   0.000   0   0.0000000   0.500
0   12.623   1.008   0.000   0   0.0000000   0.500
0   12.623   1.008   0.000   0   0.0000000   0.500
0   12.623   1.008   0.000   0   0.0000000   0.500
0   12.623   1.008   0.000   0   0.0000000   0.500
0   12.623   1.008   0.000   0   0.0000000   0.500
0   12.623   1.008   0.000   0   0.0000000   0.500
0   12.623   1.008   0.000   0   0.0000000   0.500
0   12.623   1.008   0.000   0   0.0000000   0.500
0   12.623   1.008   0.000   0   0.0000000   0.500
0   12.623   1.008   0.000   0   0.0000000   0.500
0   12.623   1.008   0.000   0   0.0000000   0.500
0   12.623   1.008   0.000   0   0.0000000   0.500
0   12.623   1.008   0.000   0   0.0000000   0.500
0   12.623   1.008   0.000   0   0.0000000   0.500
0   12.623   1.008   0.000   0   0.0000000   0.500
0   12.623   1.008   0.000   0   0.0000000   0.500
