0   0.549   -9.079   0.000   0   0.0000000   3.000
0   0.772   -8.878   0.000   0   0.0000000   3.000
0   0.999   -8.683   0.000   0   0.0000000   3.000
0   1.235   -8.498   0.000   0   0.0000000   3.000
0   1.470   -8.311   0.000   0   0.0000000   3.000
0   1.704   -8.123   0.000   0   0.0000000   3.000
0   1.935   -7.932   0.000   0   0.0000000   3.000
0   2.167   -7.742   0.000   0   0.0000000   3.000
0   2.398   -7.550   0.000   0   0.0000000   3.000
0   2.628   -7.357   0.000   0   0.0000000   3.000
0   2.856   -7.162   0.000   0   0.0000000   3.000
0   3.086   -6.970   0.000   0   0.0000000   3.000
0   3.321   -6.784   0.000   0   0.0000000   3.000
0   3.559   -6.601   0.000   0   0.0000000   3.000
0   3.794   -6.414   0.000   0   0.0000000   3.000
0   4.027   -6.225   0.000   0   0.0000000   3.000
0   4.260   -6.036   0.000   0   0.0000000   3.000
0   4.497   -5.853   0.000   0   0.0000000   3.000
0   4.736   -5.671   0.000   0   0.0000000   3.000
0   4.971   -5.485   0.000   0   0.0000000   3.000
0   5.204   -5.296   0.000   0   0.0000000   3.000
0   5.438   -5.108   0.000   0   0.0000000   3.000
0   5.676   -4.925   0.000   0   0.0000000   3.000
0   5.915   -4.744   0.000   0   0.0000000   3.000
0   6.152   -4.560   0.000   0   0.0000000   3.000
0   6.385   -4.371   0.000   0   0.0000000   3.000
0   6.619   -4.184   0.000   0   0.0000000   3.000
0   6.858   -4.002   0.000   0   0.0000000   3.000
0   7.097   -3.821   0.000   0   0.0000000   3.000
0   7.334   -3.636   0.000   0   0.0000000   3.000
0   7.567   -3.448   0.000   0   0.0000000   3.000
0   7.802   -3.261   0.000   0   0.0000000   3.000
0   8.040   -3.079   0.000   0   0.0000000   3.000
0   8.278   -2.897   0.000   0   0.0000000   3.000
0   8.511   -2.708   0.000   0   0.0000000   3.000
0   8.735   -2.508   0.000   0   0.0000000   3.000
0   8.948   -2.297   0.000   0   0.0000000   3.000
0   9.151   -2.076   0.000   0   0.0000000   3.000
0   9.340   -1.843   0.000   0   0.0000000   3.000
0   9.507   -1.594   0.000   0   0.0000000   3.000
0   9.650   -1.330   0.000   0   0.0000000   3.000
0   9.772   -1.056   0.000   0   0.0000000   3.000
0   9.874   -0.774   0.000   0   0.0000000   3.000
0   9.953   -0.485   0.000   0   0.0000000   3.000
0   10.010   -0.190   0.000   0   0.0000000   3.000
0   10.043   0.108   0.000   0   0.0000000   3.000
0   10.058   0.407   0.000   0   0.0000000   3.000
0   10.058   0.707   0.000   0   0.0000000   3.000
0   10.039   1.007   0.000   0   0.0000000   3.000
0   9.993   1.303   0.000   0   0.0000000   3.000
0   9.922   1.594   0.000   0   0.0000000   3.000
0   9.831   1.880   0.000   0   0.0000000   3.000
0   9.725   2.161   0.000   0   0.0000000   3.000
0   9.601   2.434   0.000   0   0.0000000   3.000
0   9.452   2.694   0.000   0   0.0000000   3.000
0   9.281   2.941   0.000   0   0.0000000   3.000
0   9.093   3.174   0.000   0   0.0000000   3.000
0   8.895   3.399   0.000   0   0.0000000   3.000
0   8.682   3.611   0.000   0   0.0000000   3.000
0   8.451   3.802   0.000   0   0.0000000   3.000
0   8.203   3.971   0.000   0   0.0000000   3.000
0   7.943   4.119   0.000   0   0.0000000   3.000
0   7.673   4.250   0.000   0   0.0000000   3.000
0   7.394   4.360   0.000   0   0.0000000   3.000
0   7.127   4.441   0.000   0   0.0000000   2.500
0   6.903   4.493   0.000   0   0.0000000   2.000
0   6.727   4.523   0.000   0   0.0000000   1.500
0   6.599   4.541   0.000   0   0.0000000   1.000
0   6.520   4.552   0.000   0   0.0000000   0.500
0   6.471   4.558   0.000   0   0.0000000   0.500
0   6.421   4.564   0.000   0   0.0000000   0.500
0   6.371   4.570   0.000   0   0.0000000   0.500
0   6.322   4.575   0.000   0   0.0000000   0.500
0   6.272   4.581   0.000   0   0.0000000   0.500
0   6.222   4.585   0.000   0   0.0000000   0.500
0   6.172   4.590   0.000   0   0.0000000   0.500
0   6.123   4.594   0.000   0   0.0000000   0.500
0   6.073   4.598   0.000   0   0.0000000   0.500
0   6.023   4.602   0.000   0   0.0000000   0.500
0   5.973   4.606   0.000   0   0.0000000   0.500
0   5.923   4.611   0.000   0   0.0000000   0.500
0   5.873   4.615   0.000   0   0.0000000   0.500
0   5.824   4.619   0.000   0   0.0000000   0.500
0   5.774   4.623   0.000   0   0.0000000   0.500
0   5.724   4.626   0.000   0   0.0000000   0.500
0   5.724   4.626   0.000   0   0.0000000   0.000
0   5.724   4.626   0.000   0   0.0000000   0.000
0   5.724   4.626   0.000   0   0.0000000   0.000
0   5.724   4.626   0.000   0   0.0000000   0.000
0   5.724   4.626   0.000   0   0.0000000   0.000
0   5.724   4.626   0.000   0   0.0000000   0.000
0   5.724   4.626   0.000   0   0.0000000   0.000
0   5.724   4.626   0.000   0   0.0000000   0.000
0   5.724   4.626   0.000   0   0.0000000   0.000
0   5.724   4.626   0.000   0   0.0000000   0.000
0   5.724   4.626   0.000   0   0.0000000   0.000
0   5.724   4.626   0.000   0   0.0000000   0.000
0   5.724   4.626   0.000   0   0.0000000   0.000
0   5.724   4.626   0.000   0   0.0000000   0.000
0   5.724   4.626   0.000   0   0.0000000   0.000
0   5.724   4.626   0.000   0   0.0000000   0.000
0   5.724   4.626   0.000   0   0.0000000   0.000
0   5.724   4.626   0.000   0   0.0000000   0.000
0   5.724   4.626   0.000   0   0.0000000   0.000
0   5.724   4.626   0.000   0   0.0000000   0.000
0   5.724   4.626   0.000   0   0.0000000   0.000
0   5.724   4.626   0.000   0   0.0000000   0.000
0   5.724   4.626   0.000   0   0.0000000   0.000
0   5.724   4.626   0.000   0   0.0000000   0.000
0   5.724   4.626   0.000   0   0.0000000   0.000
0   5.724   4.626   0.000   0   0.0000000   0.000
0   5.724   4.626   0.000   0   0.0000000   0.000
0   5.724   4.626   0.000   0   0.0000000   0.000
0   5.724   4.626   0.000   0   0.0000000   0.000
0   5.724   4.626   0.000   0   0.0000000   0.000
0   5.724   4.626   0.000   0   0.0000000   0.000
0   5.724   4.626   0.000   0   0.0000000   0.000
0   5.724   4.626   0.000   0   0.0000000   0.000
0   5.724   4.626   0.000   0   0.0000000   0.000
0   5.724   4.626   0.000   0   0.0000000   0.000
0   5.724   4.626   0.000   0   0.0000000   0.000
0   5.724   4.626   0.000   0   0.0000000   0.000
0   5.724   4.626   0.000   0   0.0000000   0.000
0   5.724   4.626   0.000   0   0.0000000   0.000
0   5.724   4.626   0.000   0   0.0000000   0.000
0   5.724   4.626   0.000   0   0.0000000   0.000
0   5.724   4.626   0.000   0   0.0000000   0.000
0   5.724   4.626   0.000   0   0.0000000   0.000
0   5.724   4.626   0.000   0   0.0000000   0.000
0   5.724   4.626   0.000   0   0.0000000   0.000
0   5.724   4.626   0.000   0   0.0000000   0.000
0   5.724   4.626   0.000   0   0.0000000   0.000
0   5.724   4.626   0.000   0   0.0000000   0.000
0   5.724   4.626   0.000   0   0.0000000   0.000
0   5.724   4.626   0.000   0   0.0000000   0.000
0   5.724   4.626   0.000   0   0.0000000   0.000
0   5.724   4.626   0.000   0   0.0000000   0.000
0   5.724   4.626   0.000   0   0.0000000   0.000
0   5.724   4.626   0.000   0   0.0000000   0.000
0   5.724   4.626   0.000   0   0.0000000   0.000
0   5.724   4.626   0.000   0   0.0000000   0.000
0   5.724   4.626   0.000   0   0.0000000   0.000
0   5.724   4.626   0.000   0   0.0000000   0.000
0   5.724   4.626   0.000   0   0.0000000   0.000
0   5.724   4.626   0.000   0   0.0000000   0.000
0   5.724   4.626   0.000   0   0.0000000   0.000
0   5.724   4.626   0.000   0   0.0000000   0.000
0   5.724   4.626   0.000   0   0.0000000   0.000
0   5.724   4.626   0.000   0   0.0000000   0.000
0   5.724   4.626   0.000   0   0.0000000   0.000
0   5.724   4.626   0.000   0   0.0000000   0.000
0   5.724   4.626   0.000   0   0.0000000   0.000
0   5.724   4.626   0.000   0   0.0000000   0.000
0   5.724   4.626   0.000   0   0.0000000   0.000
0   5.724   4.626   0.000   0   0.0000000   0.000
0   5.724   4.626   0.000   0   0.0000000   0.000
0   5.724   4.626   0.000   0   0.0000000   0.000
0   5.724   4.626   0.000   0   0.0000000   0.000
0   5.724   4.626   0.000   0   0.0000000   0.000
0   5.724   4.626   0.000   0   0.0000000   0.000
0   5.724   4.626   0.000   0   0.0000000   0.000
0   5.724   4.626   0.000   0   0.0000000   0.000
0   5.724   4.626   0.000   0   0.0000000   0.000
0   5.724   4.626   0.000   0   0.0000000   0.000
0   5.724   4.626   0.000   0   0.0000000   0.000
0   5.724   4.626   0.000   0   0.0000000   0.000
0   5.724   4.626   0.000   0   0.0000000   0.000
0   5.724   4.626   0.000   0   0.0000000   0.000
0   5.724   4.626   0.000   0   0.0000000   0.000
0   5.724   4.626   0.000   0   0.0000000   0.000
0   5.724   4.626   0.000   0   0.0000000   0.000
0   5.724   4.626   0.000   0   0.0000000   0.000
0   5.724   4.626   0.000   0   0.0000000   0.000
0   5.724   4.626   0.000   0   0.0000000   0.000
0   5.724   4.626   0.000   0   0.0000000   0.000
0   5.724   4.626   0.000   0   0.0000000   0.000
0   5.724   4.626   0.000   0   0.0000000   0.000
0   5.724   4.626   0.000   0   0.0000000   0.000
0   5.724   4.626   0.000   0   0.0000000   0.000
0   5.724   4.626   0.000   0   0.0000000   0.000
0   5.724   4.626   0.000   0   0.0000000   0.000
0   5.724   4.626   0.000   0   0.0000000   0.000
0   5.724   4.626   0.000   0   0.0000000   0.000
0   5.724   4.626   0.000   0   0.0000000   0.000
0   5.724   4.626   0.000   0   0.0000000   0.000
0   5.724   4.626   0.000   0   0.0000000   0.000
0   5.724   4.626   0.000   0   0.0000000   0.000
0   5.724   4.626   0.000   0   0.0000000   0.000
0   5.724   4.626   0.000   0   0.0000000   0.000
0   5.724   4.626   0.000   0   0.0000000   0.000
0   5.724   4.626   0.000   0   0.0000000   0.000
0   5.724   4.626   0.000   0   0.0000000   0.000
0   5.724   4.626   0.000   0   0.0000000   0.000
0   5.724   4.626   0.000   0   0.0000000   0.000
0   5.724   4.626   0.000   0   0.0000000   0.000
0   5.724   4.626   0.000   0   0.0000000   0.000
0   5.724   4.626   0.000   0   0.0000000   0.000
0   5.724   4.626   0.000   0   0.0000000   0.000
0   5.724   4.626   0.000   0   0.0000000   0.000
0   5.724   4.626   0.000   0   0.0000000   0.000
0   5.724   4.626   0.000   0   0.0000000   0.000
0   5.724   4.626   0.000   0   0.0000000   0.000
0   5.724   4.626   0.000   0   0.0000000   0.000
0   5.724   4.626   0.000   0   0.0000000   0.000
0   5.724   4.626   0.000   0   0.0000000   0.000
0   5.724   4.626   0.000   0   0.0000000   0.000
0   5.724   4.626   0.000   0   0.0000000   0.000
0   5.724   4.626   0.000   0   0.0000000   0.000
0   5.724   4.626   0.000   0   0.0000000   0.000
0   5.724   4.626   0.000   0   0.0000000   0.000
0   5.724   4.626   0.000   0   0.0000000   0.000
0   5.724   4.626   0.000   0   0.0000000   0.000
0   5.724   4.626   0.000   0   0.0000000   0.000
0   5.724   4.626   0.000   0   0.0000000   0.000
0   5.724   4.626   0.000   0   0.0000000   0.000
0   5.724   4.626   0.000   0   0.0000000   0.000
0   5.724   4.626   0.000   0   0.0000000   0.000
0   5.724   4.626   0.000   0   0.0000000   0.000
0   5.724   4.626   0.000   0   0.0000000   0.000
0   5.724   4.626   0.000   0   0.0000000   0.000
0   5.724   4.626   0.000   0   0.0000000   0.000
0   5.724   4.626   0.000   0   0.0000000   0.000
0   5.724   4.626   0.000   0   0.0000000   0.000
0   5.724   4.626   0.000   0   0.0000000   0.000
0   5.724   4.626   0.000   0   0.0000000   0.000
0   5.724   4.626   0.000   0   0.0000000   0.000
0   5.724   4.626   0.000   0   0.0000000   0.000
0   5.724   4.626   0.000   0   0.0000000   0.000
0   5.724   4.626   0.000   0   0.0000000   0.000
0   5.724   4.626   0.000   0   0.0000000   0.000
0   5.724   4.626   0.000   0   0.0000000   0.000
0   5.724   4.626   0.000   0   0.0000000   0.000
0   5.724   4.626   0.000   0   0.0000000   0.000
0   5.724   4.626   0.000   0   0.0000000   0.000
0   5.724   4.626   0.000   0   0.0000000   0.000
0   5.724   4.626   0.000   0   0.0000000   0.000
0   5.724   4.626   0.000   0   0.0000000   0.000
0   5.724   4.626   0.000   0   0.0000000   0.000
0   5.724   4.626   0.000   0   0.0000000   0.000
0   5.724   4.626   0.000   0   0.0000000   0.000
0   5.724   4.626   0.000   0   0.0000000   0.000
0   5.724   4.626   0.000   0   0.0000000   0.000
0   5.724   4.626   0.000   0   0.0000000   0.000
0   5.724   4.626   0.000   0   0.0000000   0.000
0   5.724   4.626   0.000   0   0.0000000   0.000
0   5.724   4.626   0.000   0   0.0000000   0.000
0   5.724   4.626   0.000   0   0.0000000   0.000
0   5.724   4.626   0.000   0   0.0000000   0.000
0   5.724   4.626   0.000   0   0.0000000   0.000
0   5.724   4.626   0.000   0   0.0000000   0.000
0   5.724   4.626   0.000   0   0.0000000   0.000
0   5.724   4.626   0.000   0   0.0000000   0.000
0   5.724   4.626   0.000   0   0.0000000   0.000
0   5.724   4.626   0.000   0   0.0000000   0.000
0   5.724   4.626   0.000   0   0.0000000   0.000
0   5.724   4.626   0.000   0   0.0000000   0.000
0   5.724   4.626   0.000   0   0.0000000   0.000
0   5.724   4.626   0.000   0   0.0000000   0.000
0   5.724   4.626   0.000   0   0.0000000   0.000
0   5.724   4.626   0.000   0   0.0000000   0.000
0   5.724   4.626   0.000   0   0.0000000   0.000
0   5.724   4.626   0.000   0   0.0000000   0.000
0   5.724   4.626   0.000   0   0.0000000   0.000
0   5.724   4.626   0.000   0   0.0000000   0.000
0   5.724   4.626   0.000   0   0.0000000   0.000
0   5.724   4.626   0.000   0   0.0000000   0.000
0   5.724   4.626   0.000   0   0.0000000   0.000
0   5.724   4.626   0.000   0   0.0000000   0.000
0   5.724   4.626   0.000   0   0.0000000   0.000
0   5.724   4.626   0.000   0   0.0000000   0.000
0   5.724   4.626   0.000   0   0.0000000   0.000
0   5.724   4.626   0.000   0   0.0000000   0.000
0   5.724   4.626   0.000   0   0.0000000   0.000
0   5.724   4.626   0.000   0   0.0000000   0.000
0   5.724   4.626   0.000   0   0.0000000   0.000
0   5.724   4.626   0.000   0   0.0000000   0.000
0   5.724   4.626   0.000   0   0.0000000   0.000
0   5.724   4.626   0.000   0   0.0000000   0.000
0   5.724   4.626   0.000   0   0.0000000   0.000
0   5.724   4.626   0.000   0   0.0000000   0.000
0   5.724   4.626   0.000   0   0.0000000   0.000
0   5.724   4.626   0.000   0   0.0000000   0.000
0   5.724   4.626   0.000   0   0.0000000   0.000
0   5.724   4.626   0.000   0   0.0000000   0.000
0   5.724   4.626   0.000   0   0.0000000   0.000
0   5.724   4.626   0.000   0   0.0000000   0.000
0   5.724   4.626   0.000   0   0.0000000   0.000
0   5.724   4.626   0.000   0   0.0000000   0.000
0   5.724   4.626   0.000   0   0.0000000   0.000
0   5.724   4.626   0.000   0   0.0000000   0.000
0   5.724   4.626   0.000   0   0.0000000   0.000
0   5.724   4.626   0.000   0   0.0000000   0.000
0   5.724   4.626   0.000   0   0.0000000   0.000
0   5.724   4.626   0.000   0   0.0000000   0.000
0   5.724   4.626   0.000   0   0.0000000   0.000
0   5.724   4.626   0.000   0   0.0000000   0.000
0   5.724   4.626   0.000   0   0.0000000   0.000
0   5.724   4.626   0.000   0   0.0000000   0.000
0   5.724   4.626   0.000   0   0.0000000   0.000
0   5.724   4.626   0.000   0   0.0000000   0.000
0   5.724   4.626   0.000   0   0.0000000   0.000
0   5.724   4.626   0.000   0   0.0000000   0.000
0   5.724   4.626   0.000   0   0.0000000   0.000
0   5.724   4.626   0.000   0   0.0000000   0.000
0   5.724   4.626   0.000   0   0.0000000   0.000
0   5.724   4.626   0.000   0   0.0000000   0.000
0   5.724   4.626   0.000   0   0.0000000   0.000
0   5.724   4.626   0.000   0   0.0000000   0.000
0   5.724   4.626   0.000   0   0.0000000   0.000
0   5.724   4.626   0.000   0   0.0000000   0.000
0   5.724   4.626   0.000   0   0.0000000   0.000
0   5.724   4.626   0.000   0   0.0000000   0.000
0   5.724   4.626   0.000   0   0.0000000   0.000
0   5.724   4.626   0.000   0   0.0000000   0.000
0   5.724   4.626   0.000   0   0.0000000   0.000
0   5.724   4.626   0.000   0   0.0000000   0.000
0   5.724   4.626   0.000   0   0.0000000   0.000
0   5.724   4.626   0.000   0   0.0000000   0.000
0   5.724   4.626   0.000   0   0.0000000   0.000
0   5.724   4.626   0.000   0   0.0000000   0.000
0   5.724   4.626   0.000   0   0.0000000   0.000
0   5.724   4.626   0.000   0   0.0000000   0.000
0   5.724   4.626   0.000   0   0.0000000   0.000
0   5.724   4.626   0.000   0   0.0000000   0.000
0   5.724   4.626   0.000   0   0.0000000   0.000
0   5.724   4.626   0.000   0   0.0000000   0.000
0   5.724   4.626   0.000   0   0.0000000   0.000
0   5.724   4.626   0.000   0   0.0000000   0.000
0   5.724   4.626   0.000   0   0.0000000   0.000
0   5.724   4.626   0.000   0   0.0000000   0.000
0   5.724   4.626   0.000   0   0.0000000   0.000
0   5.724   4.626   0.000   0   0.0000000   0.000
0   5.724   4.626   0.000   0   0.0000000   0.000
0   5.724   4.626   0.000   0   0.0000000   0.000
0   5.724   4.626   0.000   0   0.0000000   0.000
