0   13.134   -7.912   0.000   0   0.0000000   0.000
0   13.134   -7.912   0.000   0   0.0000000   0.000
0   13.134   -7.912   0.000   0   0.0000000   0.000
0   13.134   -7.912   0.000   0   0.0000000   0.000
0   13.134   -7.912   0.000   0   0.0000000   0.000
0   13.134   -7.912   0.000   0   0.0000000   0.000
0   13.134   -7.912   0.000   0   0.0000000   0.000
0   13.134   -7.912   0.000   0   0.0000000   0.000
0   13.134   -7.912   0.000   0   0.0000000   0.000
0   13.134   -7.912   0.000   0   0.0000000   0.000
0   13.134   -7.912   0.000   0   0.0000000   0.000
0   13.134   -7.912   0.000   0   0.0000000   0.000
0   13.134   -7.912   0.000   0   0.0000000   0.000
0   13.134   -7.912   0.000   0   0.0000000   0.000
0   13.134   -7.912   0.000   0   0.0000000   0.000
0   13.134   -7.912   0.000   0   0.0000000   0.000
0   13.134   -7.912   0.000   0   0.0000000   0.000
0   13.134   -7.912   0.000   0   0.0000000   0.000
0   13.134   -7.912   0.000   0   0.0000000   0.000
0   13.134   -7.912   0.000   0   0.0000000   0.000
0   13.134   -7.912   0.000   0   0.0000000   0.000
0   13.134   -7.912   0.000   0   0.0000000   0.000
0   13.134   -7.912   0.000   0   0.0000000   0.000
0   13.134   -7.912   0.000   0   0.0000000   0.000
0   13.134   -7.912   0.000   0   0.0000000   0.000
0   13.134   -7.912   0.000   0   0.0000000   0.000
0   13.134   -7.912   0.000   0   0.0000000   0.000
0   13.134   -7.912   0.000   0   0.0000000   0.000
0   13.134   -7.912   0.000   0   0.0000000   0.000
0   13.134   -7.912   0.000   0   0.0000000   0.000
0   13.134   -7.912   0.000   0   0.0000000   0.000
0   13.134   -7.912   0.000   0   0.0000000   0.000
0   13.134   -7.912   0.000   0   0.0000000   0.000
0   13.134   -7.912   0.000   0   0.0000000   0.000
0   13.134   -7.912   0.000   0   0.0000000   0.000
0   13.134   -7.912   0.000   0   0.0000000   0.000
0   13.145   -7.919   0.000   0   0.0000000   0.417
0   13.186   -7.946   0.000   0   0.0000000   0.833
0   13.253   -7.995   0.000   0   0.0000000   1.250
0   13.343   -8.071   0.000   0   0.0000000   1.667
0   13.450   -8.181   0.000   0   0.0000000   2.083
0   13.564   -8.329   0.000   0   0.0000000   2.500
0   13.680   -8.519   0.000   0   0.0000000   2.917
0   13.811   -8.730   0.000   0   0.0000000   3.000
0   13.974   -8.919   0.000   0   0.0000000   3.000
0   14.168   -9.076   0.000   0   0.0000000   3.000
0   14.387   -9.196   0.000   0   0.0000000   3.000
0   14.625   -9.274   0.000   0   0.0000000   3.000
0   14.871   -9.313   0.000   0   0.0000000   3.000
0   15.121   -9.324   0.000   0   0.0000000   3.000
0   15.371   -9.315   0.000   0   0.0000000   3.000
0   15.620   -9.296   0.000   0   0.0000000   3.000
0   15.869   -9.275   0.000   0   0.0000000   3.000
0   16.119   -9.263   0.000   0   0.0000000   3.000
0   16.369   -9.266   0.000   0   0.0000000   3.000
0   16.618   -9.286   0.000   0   0.0000000   3.000
0   16.866   -9.316   0.000   0   0.0000000   3.000
0   17.114   -9.345   0.000   0   0.0000000   3.000
0   17.364   -9.362   0.000   0   0.0000000   3.000
0   17.613   -9.356   0.000   0   0.0000000   3.000
0   17.860   -9.318   0.000   0   0.0000000   3.000
0   18.099   -9.243   0.000   0   0.0000000   3.000
0   18.321   -9.130   0.000   0   0.0000000   3.000
0   18.521   -8.980   0.000   0   0.0000000   3.000
0   18.692   -8.798   0.000   0   0.0000000   3.000
0   18.834   -8.592   0.000   0   0.0000000   3.000
0   18.972   -8.326   0.000   0   0.0000000   3.000
0   19.082   -8.047   0.000   0   0.0000000   3.000
0   19.176   -7.762   0.000   0   0.0000000   3.000
0   19.263   -7.475   0.000   0   0.0000000   3.000
0   19.348   -7.188   0.000   0   0.0000000   3.000
0   19.436   -6.901   0.000   0   0.0000000   3.000
0   19.527   -6.615   0.000   0   0.0000000   3.000
0   19.621   -6.330   0.000   0   0.0000000   3.000
0   19.718   -6.046   0.000   0   0.0000000   3.000
0   19.812   -5.761   0.000   0   0.0000000   3.000
0   19.894   -5.473   0.000   0   0.0000000   3.000
0   19.946   -5.228   0.000   0   0.0000000   3.000
0   19.989   -4.931   0.000   0   0.0000000   3.000
0   20.013   -4.632   0.000   0   0.0000000   3.000
0   20.023   -4.332   0.000   0   0.0000000   3.000
0   20.025   -4.082   0.000   0   0.0000000   3.000
0   20.022   -3.782   0.000   0   0.0000000   3.000
0   20.017   -3.482   0.000   0   0.0000000   3.000
0   20.012   -3.233   0.000   0   0.0000000   3.000
0   20.007   -2.933   0.000   0   0.0000000   3.000
0   20.003   -2.633   0.000   0   0.0000000   3.000
0   19.996   -2.333   0.000   0   0.0000000   3.000
0   19.976   -2.033   0.000   0   0.0000000   3.000
0   19.930   -1.737   0.000   0   0.0000000   3.000
0   19.846   -1.450   0.000   0   0.0000000   3.000
0   19.715   -1.180   0.000   0   0.0000000   3.000
0   19.538   -0.938   0.000   0   0.0000000   3.000
0   19.326   -0.726   0.000   0   0.0000000   3.000
0   19.091   -0.541   0.000   0   0.0000000   3.000
0   18.884   -0.400   0.000   0   0.0000000   3.000
0   18.671   -0.269   0.000   0   0.0000000   3.000
0   18.456   -0.142   0.000   0   0.0000000   3.000
0   18.239   -0.016   0.000   0   0.0000000   3.000
0   18.023   0.109   0.000   0   0.0000000   3.000
0   17.808   0.236   0.000   0   0.0000000   3.000
0   17.593   0.364   0.000   0   0.0000000   3.000
0   17.380   0.494   0.000   0   0.0000000   3.000
0   17.167   0.626   0.000   0   0.0000000   3.000
0   16.955   0.758   0.000   0   0.0000000   3.000
0   16.744   0.892   0.000   0   0.0000000   3.000
0   16.533   1.026   0.000   0   0.0000000   3.000
0   16.322   1.161   0.000   0   0.0000000   3.000
0   16.111   1.295   0.000   0   0.0000000   3.000
0   15.901   1.430   0.000   0   0.0000000   3.000
0   15.690   1.565   0.000   0   0.0000000   3.000
0   15.480   1.699   0.000   0   0.0000000   3.000
0   15.269   1.834   0.000   0   0.0000000   3.000
0   15.016   1.995   0.000   0   0.0000000   3.000
0   14.763   2.156   0.000   0   0.0000000   3.000
0   14.552   2.291   0.000   0   0.0000000   3.000
0   14.341   2.425   0.000   0   0.0000000   3.000
0   14.086   2.583   0.000   0   0.0000000   3.000
0   13.868   2.706   0.000   0   0.0000000   3.000
0   13.655   2.807   0.000   0   0.0000000   2.583
0   13.467   2.878   0.000   0   0.0000000   2.167
0   13.307   2.926   0.000   0   0.0000000   1.750
0   13.179   2.956   0.000   0   0.0000000   1.333
0   13.083   2.974   0.000   0   0.0000000   0.917
0   13.022   2.985   0.000   0   0.0000000   0.500
0   12.972   2.992   0.000   0   0.0000000   0.500
0   12.931   2.998   0.000   0   0.0000000   0.500
0   12.890   3.003   0.000   0   0.0000000   0.500
0   12.848   3.008   0.000   0   0.0000000   0.500
0   12.807   3.013   0.000   0   0.0000000   0.500
0   12.757   3.017   0.000   0   0.0000000   0.500
0   12.757   3.017   0.000   0   0.0000000   0.500
0   12.757   3.017   0.000   0   0.0000000   0.500
0   12.757   3.017   0.000   0   0.0000000   0.500
0   12.757   3.017   0.000   0   0.0000000   0.500
0   12.757   3.017   0.000   0   0.0000000   0.500
0   12.757   3.017   0.000   0   0.0000000   0.500
0   12.757   3.017   0.000   0   0.0000000   0.500
0   12.757   3.017   0.000   0   0.0000000   0.500
0   12.757   3.017   0.000   0   0.0000000   0.500
0   12.757   3.017   0.000   0   0.0000000   0.500
0   12.757   3.017   0.000   0   0.0000000   0.500
0   12.757   3.017   0.000   0   0.0000000   0.500
0   12.757   3.017   0.000   0   0.0000000   0.500
0   12.757   3.017   0.000   0   0.0000000   0.500
0   12.757   3.017   0.000   0   0.0000000   0.500
0   12.757   3.017   0.000   0   0.0000000   0.500
0   12.757   3.017   0.000   0   0.0000000   0.500
0   12.757   3.017   0.000   0   0.0000000   0.500
0   12.757   3.017   0.000   0   0.0000000   0.500
0   12.757   3.017   0.000   0   0.0000000   0.500
0   12.757   3.017   0.000   0   0.0000000   0.500
0   12.757   3.017   0.000   0   0.0000000   0.500
0   12.757   3.017   0.000   0   0.0000000   0.500
0   12.757   3.017   0.000   0   0.0000000   0.500
0   12.757   3.017   0.000   0   0.0000000   0.500
0   12.757   3.017   0.000   0   0.0000000   0.500
0   12.757   3.017   0.000   0   0.0000000   0.500
0   12.757   3.017   0.000   0   0.0000000   0.500
0   12.757   3.017   0.000   0   0.0000000   0.500
0   12.757   3.017   0.000   0   0.0000000   0.500
0   12.757   3.017   0.000   0   0.0000000   0.500
0   12.757   3.017   0.000   0   0.0000000   0.500
0   12.757   3.017   0.000   0   0.0000000   0.500
0   12.757   3.017   0.000   0   0.0000000   0.500
0   12.757   3.017   0.000   0   0.0000000   0.500
0   12.757   3.017   0.000   0   0.0000000   0.500
0   12.757   3.017   0.000   0   0.0000000   0.500
0   12.757   3.017   0.000   0   0.0000000   0.500
0   12.757   3.017   0.000   0   0.0000000   0.500
0   12.757   3.017   0.000   0   0.0000000   0.500
0   12.757   3.017   0.000   0   0.0000000   0.500
0   12.757   3.017   0.000   0   0.0000000   0.500
0   12.757   3.017   0.000   0   0.0000000   0.500
0   12.757   3.017   0.000   0   0.0000000   0.500
0   12.757   3.017   0.000   0   0.0000000   0.500
0   12.757   3.017   0.000   0   0.0000000   0.500
0   12.757   3.017   0.000   0   0.0000000   0.500
0   12.757   3.017   0.000   0   0.0000000   0.500
0   12.757   3.017   0.000   0   0.0000000   0.500
0   12.757   3.017   0.000   0   0.0000000   0.500
0   12.757   3.017   0.000   0   0.0000000   0.500
0   12.757   3.017   0.000   0   0.0000000   0.500
0   12.757   3.017   0.000   0   0.0000000   0.500
0   12.757   3.017   0.000   0   0.0000000   0.500
0   12.757   3.017   0.000   0   0.0000000   0.500
0   12.757   3.017   0.000   0   0.0000000   0.500
0   12.757   3.017   0.000   0   0.0000000   0.500
0   12.757   3.017   0.000   0   0.0000000   0.500
0   12.757   3.017   0.000   0   0.0000000   0.500
0   12.757   3.017   0.000   0   0.0000000   0.500
0   12.757   3.017   0.000   0   0.0000000   0.500
0   12.757   3.017   0.000   0   0.0000000   0.500
0   12.757   3.017   0.000   0   0.0000000   0.500
0   12.757   3.017   0.000   0   0.0000000   0.500
0   12.757   3.017   0.000   0   0.0000000   0.500
0   12.757   3.017   0.000   0   0.0000000   0.500
0   12.757   3.017   0.000   0   0.0000000   0.500
0   12.757   3.017   0.000   0   0.0000000   0.500
0   12.757   3.017   0.000   0   0.0000000   0.500
0   12.757   3.017   0.000   0   0.0000000   0.500
0   12.757   3.017   0.000   0   0.0000000   0.500
0   12.757   3.017   0.000   0   0.0000000   0.500
0   12.757   3.017   0.000   0   0.0000000   0.500
0   12.757   3.017   0.000   0   0.0000000   0.500
0   12.757   3.017   0.000   0   0.0000000   0.500
0   12.757   3.017   0.000   0   0.0000000   0.500
0   12.757   3.017   0.000   0   0.0000000   0.500
0   12.757   3.017   0.000   0   0.0000000   0.500
0   12.757   3.017   0.000   0   0.0000000   0.500
0   12.757   3.017   0.000   0   0.0000000   0.500
0   12.757   3.017   0.000   0   0.0000000   0.500
0   12.757   3.017   0.000   0   0.0000000   0.500
0   12.757   3.017   0.000   0   0.0000000   0.500
0   12.757   3.017   0.000   0   0.0000000   0.500
0   12.757   3.017   0.000   0   0.0000000   0.500
0   12.757   3.017   0.000   0   0.0000000   0.500
0   12.757   3.017   0.000   0   0.0000000   0.500
0   12.757   3.017   0.000   0   0.0000000   0.500
0   12.757   3.017   0.000   0   0.0000000   0.500
0   12.757   3.017   0.000   0   0.0000000   0.500
0   12.757   3.017   0.000   0   0.0000000   0.500
0   12.757   3.017   0.000   0   0.0000000   0.500
0   12.757   3.017   0.000   0   0.0000000   0.500
0   12.757   3.017   0.000   0   0.0000000   0.500
0   12.757   3.017   0.000   0   0.0000000   0.500
0   12.757   3.017   0.000   0   0.0000000   0.500
0   12.757   3.017   0.000   0   0.0000000   0.500
0   12.757   3.017   0.000   0   0.0000000   0.500
0   12.757   3.017   0.000   0   0.0000000   0.500
0   12.757   3.017   0.000   0   0.0000000   0.500
0   12.757   3.017   0.000   0   0.0000000   0.500
0   12.757   3.017   0.000   0   0.0000000   0.500
0   12.757   3.017   0.000   0   0.0000000   0.500
0   12.757   3.017   0.000   0   0.0000000   0.500
0   12.757   3.017   0.000   0   0.0000000   0.500
0   12.757   3.017   0.000   0   0.0000000   0.500
0   12.757   3.017   0.000   0   0.0000000   0.500
0   12.757   3.017   0.000   0   0.0000000   0.500
0   12.757   3.017   0.000   0   0.0000000   0.500
0   12.757   3.017   0.000   0   0.0000000   0.500
0   12.757   3.017   0.000   0   0.0000000   0.500
0   12.757   3.017   0.000   0   0.0000000   0.500
0   12.757   3.017   0.000   0   0.0000000   0.500
0   12.757   3.017   0.000   0   0.0000000   0.500
0   12.757   3.017   0.000   0   0.0000000   0.500
0   12.757   3.017   0.000   0   0.0000000   0.500
0   12.757   3.017   0.000   0   0.0000000   0.500
0   12.757   3.017   0.000   0   0.0000000   0.500
0   12.757   3.017   0.000   0   0.0000000   0.500
0   12.757   3.017   0.000   0   0.0000000   0.500
0   12.757   3.017   0.000   0   0.0000000   0.500
0   12.757   3.017   0.000   0   0.0000000   0.500
0   12.757   3.017   0.000   0   0.0000000   0.500
0   12.757   3.017   0.000   0   0.0000000   0.500
0   12.757   3.017   0.000   0   0.0000000   0.500
0   12.757   3.017   0.000   0   0.0000000   0.500
0   12.757   3.017   0.000   0   0.0000000   0.500
0   12.757   3.017   0.000   0   0.0000000   0.500
0   12.757   3.017   0.000   0   0.0000000   0.500
0   12.757   3.017   0.000   0   0.0000000   0.500
0   12.757   3.017   0.000   0   0.0000000   0.500
0   12.757   3.017   0.000   0   0.0000000   0.500
0   12.757   3.017   0.000   0   0.0000000   0.500
0   12.757   3.017   0.000   0   0.0000000   0.500
0   12.757   3.017   0.000   0   0.0000000   0.500
0   12.757   3.017   0.000   0   0.0000000   0.500
0   12.757   3.017   0.000   0   0.0000000   0.500
0   12.757   3.017   0.000   0   0.0000000   0.500
0   12.757   3.017   0.000   0   0.0000000   0.500
0   12.757   3.017   0.000   0   0.0000000   0.500
0   12.757   3.017   0.000   0   0.0000000   0.500
0   12.757   3.017   0.000   0   0.0000000   0.500
0   12.757   3.017   0.000   0   0.0000000   0.500
0   12.757   3.017   0.000   0   0.0000000   0.500
0   12.757   3.017   0.000   0   0.0000000   0.500
0   12.757   3.017   0.000   0   0.0000000   0.500
0   12.757   3.017   0.000   0   0.0000000   0.500
0   12.757   3.017   0.000   0   0.0000000   0.500
0   12.757   3.017   0.000   0   0.0000000   0.500
0   12.757   3.017   0.000   0   0.0000000   0.500
0   12.757   3.017   0.000   0   0.0000000   0.500
0   12.757   3.017   0.000   0   0.0000000   0.500
0   12.757   3.017   0.000   0   0.0000000   0.500
0   12.757   3.017   0.000   0   0.0000000   0.500
0   12.757   3.017   0.000   0   0.0000000   0.500
0   12.757   3.017   0.000   0   0.0000000   0.500
0   12.757   3.017   0.000   0   0.0000000   0.500
0   12.757   3.017   0.000   0   0.0000000   0.500
0   12.757   3.017   0.000   0   0.0000000   0.500
0   12.757   3.017   0.000   0   0.0000000   0.500
0   12.757   3.017   0.000   0   0.0000000   0.500
0   12.757   3.017   0.000   0   0.0000000   0.500
0   12.757   3.017   0.000   0   0.0000000   0.500
0   12.757   3.017   0.000   0   0.0000000   0.500
0   12.757   3.017   0.000   0   0.0000000   0.500
0   12.757   3.017   0.000   0   0.0000000   0.500
0   12.757   3.017   0.000   0   0.0000000   0.500
0   12.757   3.017   0.000   0   0.0000000   0.500
0   12.757   3.017   0.000   0   0.0000000   0.500
0   12.757   3.017   0.000   0   0.0000000   0.500
0   12.757   3.017   0.000   0   0.0000000   0.500
0   12.757   3.017   0.000   0   0.0000000   0.500
0   12.757   3.017   0.000   0   0.0000000   0.500
0   12.757   3.017   0.000   0   0.0000000   0.500
0   12.757   3.017   0.000   0   0.0000000   0.500
0   12.757   3.017   0.000   0   0.0000000   0.500
0   12.757   3.017   0.000   0   0.0000000   0.500
0   12.757   3.017   0.000   0   0.0000000   0.500
0   12.757   3.017   0.000   0   0.0000000   0.500
0   12.757   3.017   0.000   0   0.0000000   0.500
0   12.757   3.017   0.000   0   0.0000000   0.500
0   12.757   3.017   0.000   0   0.0000000   0.500
0   12.757   3.017   0.000   0   0.0000000   0.500
0   12.757   3.017   0.000   0   0.0000000   0.500
0   12.757   3.017   0.000   0   0.0000000   0.500
0   12.757   3.017   0.000   0   0.0000000   0.500
0   12.757   3.017   0.000   0   0.0000000   0.500
0   12.757   3.017   0.000   0   0.0000000   0.500
0   12.757   3.017   0.000   0   0.0000000   0.500
0   12.757   3.017   0.000   0   0.0000000   0.500
0   12.757   3.017   0.000   0   0.0000000   0.500
0   12.757   3.017   0.000   0   0.0000000   0.500
0   12.757   3.017   0.000   0   0.0000000   0.500
0   12.757   3.017   0.000   0   0.0000000   0.500
0   12.757   3.017   0.000   0   0.0000000   0.500
0   12.757   3.017   0.000   0   0.0000000   0.500
0   12.757   3.017   0.000   0   0.0000000   0.500
0   12.757   3.017   0.000   0   0.0000000   0.500
0   12.757   3.017   0.000   0   0.0000000   0.500
0   12.757   3.017   0.000   0   0.0000000   0.500
0   12.757   3.017   0.000   0   0.0000000   0.500
0   12.757   3.017   0.000   0   0.0000000   0.500
0   12.757   3.017   0.000   0   0.0000000   0.500
0   12.757   3.017   0.000   0   0.0000000   0.500
0   12.757   3.017   0.000   0   0.0000000   0.500
0   12.757   3.017   0.000   0   0.0000000   0.500
0   12.757   3.017   0.000   0   0.0000000   0.500
0   12.757   3.017   0.000   0   0.0000000   0.500
0   12.757   3.017   0.000   0   0.0000000   0.500
0   12.757   3.017   0.000   0   0.0000000   0.500
0   12.757   3.017   0.000   0   0.0000000   0.500
0   12.757   3.017   0.000   0   0.0000000   0.500
0   12.757   3.017   0.000   0   0.0000000   0.500
0   12.757   3.017   0.000   0   0.0000000   0.500
0   12.757   3.017   0.000   0   0.0000000   0.500
0   12.757   3.017   0.000   0   0.0000000   0.500
0   12.757   3.017   0.000   0   0.0000000   0.500
0   12.757   3.017   0.000   0   0.0000000   0.500
0   12.757   3.017   0.000   0   0.0000000   0.500
0   12.757   3.017   0.000   0   0.0000000   0.500
0   12.757   3.017   0.000   0   0.0000000   0.500
0   12.757   3.017   0.000   0   0.0000000   0.500
0   12.757   3.017   0.000   0   0.0000000   0.500
0   12.757   3.017   0.000   0   0.0000000   0.500
0   12.757   3.017   0.000   0   0.0000000   0.500
0   12.757   3.017   0.000   0   0.0000000   0.500
0   12.757   3.017   0.000   0   0.0000000   0.500
0   12.757   3.017   0.000   0   0.0000000   0.500
0   12.757   3.017   0.000   0   0.0000000   0.500
0   12.757   3.017   0.000   0   0.0000000   0.500
0   12.757   3.017   0.000   0   0.0000000   0.500
0   12.757   3.017   0.000   0   0.0000000   0.500
0   12.757   3.017   0.000   0   0.0000000   0.500
0   12.757   3.017   0.000   0   0.0000000   0.500
0   12.757   3.017   0.000   0   0.0000000   0.500
0   12.757   3.017   0.000   0   0.0000000   0.500
0   12.757   3.017   0.000   0   0.0000000   0.500
0   12.757   3.017   0.000   0   0.0000000   0.500
0   12.757   3.017   0.000   0   0.0000000   0.500
0   12.757   3.017   0.000   0   0.0000000   0.500
0   12.757   3.017   0.000   0   0.0000000   0.500
0   12.757   3.017   0.000   0   0.0000000   0.500
0   12.757   3.017   0.000   0   0.0000000   0.500
0   12.757   3.017   0.000   0   0.0000000   0.500
0   12.757   3.017   0.000   0   0.0000000   0.500
0   12.757   3.017   0.000   0   0.0000000   0.500
0   12.757   3.017   0.000   0   0.0000000   0.500
