0   19.845   -7.463   0.000   0   0.0000000   3.000
0   19.854   -7.164   0.000   0   0.0000000   3.000
0   19.867   -6.864   0.000   0   0.0000000   3.000
0   19.884   -6.564   0.000   0   0.0000000   3.000
0   19.903   -6.265   0.000   0   0.0000000   3.000
0   19.925   -5.966   0.000   0   0.0000000   3.000
0   19.948   -5.667   0.000   0   0.0000000   3.000
0   19.969   -5.367   0.000   0   0.0000000   3.000
0   19.985   -5.068   0.000   0   0.0000000   3.000
0   19.996   -4.768   0.000   0   0.0000000   3.000
0   20.002   -4.468   0.000   0   0.0000000   3.000
0   20.005   -4.168   0.000   0   0.0000000   3.000
0   20.006   -3.868   0.000   0   0.0000000   3.000
0   20.005   -3.568   0.000   0   0.0000000   3.000
0   20.004   -3.268   0.000   0   0.0000000   3.000
0   20.002   -2.968   0.000   0   0.0000000   3.000
0   20.001   -2.668   0.000   0   0.0000000   3.000
0   19.998   -2.368   0.000   0   0.0000000   3.000
0   19.982   -2.069   0.000   0   0.0000000   3.000
0   19.942   -1.771   0.000   0   0.0000000   3.000
0   19.864   -1.482   0.000   0   0.0000000   3.000
0   19.739   -1.210   0.000   0   0.0000000   3.000
0   19.569   -0.963   0.000   0   0.0000000   3.000
0   19.364   -0.744   0.000   0   0.0000000   3.000
0   19.136   -0.549   0.000   0   0.0000000   3.000
0   18.895   -0.370   0.000   0   0.0000000   3.000
0   18.648   -0.200   0.000   0   0.0000000   3.000
0   18.399   -0.033   0.000   0   0.0000000   3.000
0   18.149   0.133   0.000   0   0.0000000   3.000
0   17.901   0.302   0.000   0   0.0000000   3.000
0   17.655   0.473   0.000   0   0.0000000   3.000
0   17.410   0.647   0.000   0   0.0000000   3.000
0   17.166   0.822   0.000   0   0.0000000   3.000
0   16.923   0.998   0.000   0   0.0000000   3.000
0   16.681   1.174   0.000   0   0.0000000   3.000
0   16.439   1.351   0.000   0   0.0000000   3.000
0   16.197   1.528   0.000   0   0.0000000   3.000
0   15.954   1.705   0.000   0   0.0000000   3.000
0   15.712   1.882   0.000   0   0.0000000   3.000
0   15.470   2.059   0.000   0   0.0000000   3.000
0   15.227   2.235   0.000   0   0.0000000   3.000
0   14.984   2.412   0.000   0   0.0000000   3.000
0   14.742   2.588   0.000   0   0.0000000   3.000
0   14.499   2.765   0.000   0   0.0000000   3.000
0   14.256   2.940   0.000   0   0.0000000   3.000
0   14.008   3.109   0.000   0   0.0000000   3.000
0   13.749   3.260   0.000   0   0.0000000   3.000
0   13.494   3.374   0.000   0   0.0000000   2.500
0   13.276   3.442   0.000   0   0.0000000   2.000
0   13.101   3.481   0.000   0   0.0000000   1.500
0   12.973   3.501   0.000   0   0.0000000   1.000
0   12.894   3.511   0.000   0   0.0000000   0.500
0   12.845   3.517   0.000   0   0.0000000   0.500
0   12.795   3.521   0.000   0   0.0000000   0.500
0   12.745   3.525   0.000   0   0.0000000   0.500
0   12.695   3.528   0.000   0   0.0000000   0.500
0   12.695   3.528   0.000   0   0.0000000   0.500
0   12.695   3.528   0.000   0   0.0000000   0.500
0   12.695   3.528   0.000   0   0.0000000   0.500
0   12.695   3.528   0.000   0   0.0000000   0.500
0   12.695   3.528   0.000   0   0.0000000   0.500
0   12.695   3.528   0.000   0   0.0000000   0.500
0   12.695   3.528   0.000   0   0.0000000   0.500
0   12.695   3.528   0.000   0   0.0000000   0.500
0   12.695   3.528   0.000   0   0.0000000   0.500
0   12.695   3.528   0.000   0   0.0000000   0.500
0   12.695   3.528   0.000   0   0.0000000   0.500
0   12.695   3.528   0.000   0   0.0000000   0.500
0   12.695   3.528   0.000   0   0.0000000   0.500
0   12.695   3.528   0.000   0   0.0000000   0.500
0   12.695   3.528   0.000   0   0.0000000   0.500
0   12.695   3.528   0.000   0   0.0000000   0.500
0   12.695   3.528   0.000   0   0.0000000   0.500
0   12.695   3.528   0.000   0   0.0000000   0.500
0   12.695   3.528   0.000   0   0.0000000   0.500
0   12.695   3.528   0.000   0   0.0000000   0.500
0   12.695   3.528   0.000   0   0.0000000   0.500
0   12.695   3.528   0.000   0   0.0000000   0.500
0   12.695   3.528   0.000   0   0.0000000   0.500
0   12.695   3.528   0.000   0   0.0000000   0.500
0   12.695   3.528   0.000   0   0.0000000   0.500
0   12.695   3.528   0.000   0   0.0000000   0.500
0   12.695   3.528   0.000   0   0.0000000   0.500
0   12.695   3.528   0.000   0   0.0000000   0.500
0   12.695   3.528   0.000   0   0.0000000   0.500
0   12.695   3.528   0.000   0   0.0000000   0.500
0   12.695   3.528   0.000   0   0.0000000   0.500
0   12.695   3.528   0.000   0   0.0000000   0.500
0   12.695   3.528   0.000   0   0.0000000   0.500
0   12.695   3.528   0.000   0   0.0000000   0.500
0   12.695   3.528   0.000   0   0.0000000   0.500
0   12.695   3.528   0.000   0   0.0000000   0.500
0   12.695   3.528   0.000   0   0.0000000   0.500
0   12.695   3.528   0.000   0   0.0000000   0.500
0   12.695   3.528   0.000   0   0.0000000   0.500
0   12.695   3.528   0.000   0   0.0000000   0.500
0   12.695   3.528   0.000   0   0.0000000   0.500
0   12.695   3.528   0.000   0   0.0000000   0.500
0   12.695   3.528   0.000   0   0.0000000   0.500
0   12.695   3.528   0.000   0   0.0000000   0.500
0   12.695   3.528   0.000   0   0.0000000   0.500
0   12.695   3.528   0.000   0   0.0000000   0.500
0   12.695   3.528   0.000   0   0.0000000   0.500
0   12.695   3.528   0.000   0   0.0000000   0.500
0   12.695   3.528   0.000   0   0.0000000   0.500
0   12.695   3.528   0.000   0   0.0000000   0.500
0   12.695   3.528   0.000   0   0.0000000   0.500
0   12.695   3.528   0.000   0   0.0000000   0.500
0   12.695   3.528   0.000   0   0.0000000   0.500
0   12.695   3.528   0.000   0   0.0000000   0.500
0   12.695   3.528   0.000   0   0.0000000   0.500
0   12.695   3.528   0.000   0   0.0000000   0.500
0   12.695   3.528   0.000   0   0.0000000   0.500
0   12.695   3.528   0.000   0   0.0000000   0.500
0   12.695   3.528   0.000   0   0.0000000   0.500
0   12.695   3.528   0.000   0   0.0000000   0.500
0   12.695   3.528   0.000   0   0.0000000   0.500
0   12.695   3.528   0.000   0   0.0000000   0.500
0   12.695   3.528   0.000   0   0.0000000   0.500
0   12.695   3.528   0.000   0   0.0000000   0.500
0   12.695   3.528   0.000   0   0.0000000   0.500
0   12.695   3.528   0.000   0   0.0000000   0.500
0   12.695   3.528   0.000   0   0.0000000   0.500
0   12.695   3.528   0.000   0   0.0000000   0.500
0   12.695   3.528   0.000   0   0.0000000   0.500
0   12.695   3.528   0.000   0   0.0000000   0.500
0   12.695   3.528   0.000   0   0.0000000   0.500
0   12.695   3.528   0.000   0   0.0000000   0.500
0   12.695   3.528   0.000   0   0.0000000   0.500
0   12.695   3.528   0.000   0   0.0000000   0.500
0   12.695   3.528   0.000   0   0.0000000   0.500
0   12.695   3.528   0.000   0   0.0000000   0.500
0   12.695   3.528   0.000   0   0.0000000   0.500
0   12.695   3.528   0.000   0   0.0000000   0.500
0   12.695   3.528   0.000   0   0.0000000   0.500
0   12.695   3.528   0.000   0   0.0000000   0.500
0   12.695   3.528   0.000   0   0.0000000   0.500
0   12.695   3.528   0.000   0   0.0000000   0.500
0   12.695   3.528   0.000   0   0.0000000   0.500
0   12.695   3.528   0.000   0   0.0000000   0.500
0   12.695   3.528   0.000   0   0.0000000   0.500
0   12.695   3.528   0.000   0   0.0000000   0.500
0   12.695   3.528   0.000   0   0.0000000   0.500
0   12.695   3.528   0.000   0   0.0000000   0.500
0   12.695   3.528   0.000   0   0.0000000   0.500
0   12.695   3.528   0.000   0   0.0000000   0.500
0   12.695   3.528   0.000   0   0.0000000   0.500
0   12.695   3.528   0.000   0   0.0000000   0.500
0   12.695   3.528   0.000   0   0.0000000   0.500
0   12.695   3.528   0.000   0   0.0000000   0.500
0   12.695   3.528   0.000   0   0.0000000   0.500
0   12.695   3.528   0.000   0   0.0000000   0.500
0   12.695   3.528   0.000   0   0.0000000   0.500
0   12.695   3.528   0.000   0   0.0000000   0.500
0   12.695   3.528   0.000   0   0.0000000   0.500
0   12.695   3.528   0.000   0   0.0000000   0.500
0   12.695   3.528   0.000   0   0.0000000   0.500
0   12.695   3.528   0.000   0   0.0000000   0.500
0   12.695   3.528   0.000   0   0.0000000   0.500
0   12.695   3.528   0.000   0   0.0000000   0.500
0   12.695   3.528   0.000   0   0.0000000   0.500
0   12.695   3.528   0.000   0   0.0000000   0.500
0   12.695   3.528   0.000   0   0.0000000   0.500
0   12.695   3.528   0.000   0   0.0000000   0.500
0   12.695   3.528   0.000   0   0.0000000   0.500
0   12.695   3.528   0.000   0   0.0000000   0.500
0   12.695   3.528   0.000   0   0.0000000   0.500
0   12.695   3.528   0.000   0   0.0000000   0.500
0   12.695   3.528   0.000   0   0.0000000   0.500
0   12.695   3.528   0.000   0   0.0000000   0.500
0   12.695   3.528   0.000   0   0.0000000   0.500
0   12.695   3.528   0.000   0   0.0000000   0.500
0   12.695   3.528   0.000   0   0.0000000   0.500
0   12.695   3.528   0.000   0   0.0000000   0.500
0   12.695   3.528   0.000   0   0.0000000   0.500
0   12.695   3.528   0.000   0   0.0000000   0.500
0   12.695   3.528   0.000   0   0.0000000   0.500
0   12.695   3.528   0.000   0   0.0000000   0.500
0   12.695   3.528   0.000   0   0.0000000   0.500
0   12.695   3.528   0.000   0   0.0000000   0.500
0   12.695   3.528   0.000   0   0.0000000   0.500
0   12.695   3.528   0.000   0   0.0000000   0.500
0   12.695   3.528   0.000   0   0.0000000   0.500
0   12.695   3.528   0.000   0   0.0000000   0.500
0   12.695   3.528   0.000   0   0.0000000   0.500
0   12.695   3.528   0.000   0   0.0000000   0.500
0   12.695   3.528   0.000   0   0.0000000   0.500
0   12.695   3.528   0.000   0   0.0000000   0.500
0   12.695   3.528   0.000   0   0.0000000   0.500
0   12.695   3.528   0.000   0   0.0000000   0.500
0   12.695   3.528   0.000   0   0.0000000   0.500
0   12.695   3.528   0.000   0   0.0000000   0.500
0   12.695   3.528   0.000   0   0.0000000   0.500
0   12.695   3.528   0.000   0   0.0000000   0.500
0   12.695   3.528   0.000   0   0.0000000   0.500
0   12.695   3.528   0.000   0   0.0000000   0.500
0   12.695   3.528   0.000   0   0.0000000   0.500
0   12.695   3.528   0.000   0   0.0000000   0.500
0   12.695   3.528   0.000   0   0.0000000   0.500
0   12.695   3.528   0.000   0   0.0000000   0.500
0   12.695   3.528   0.000   0   0.0000000   0.500
0   12.695   3.528   0.000   0   0.0000000   0.500
0   12.695   3.528   0.000   0   0.0000000   0.500
0   12.695   3.528   0.000   0   0.0000000   0.500
0   12.695   3.528   0.000   0   0.0000000   0.500
0   12.695   3.528   0.000   0   0.0000000   0.500
0   12.695   3.528   0.000   0   0.0000000   0.500
0   12.695   3.528   0.000   0   0.0000000   0.500
0   12.695   3.528   0.000   0   0.0000000   0.500
0   12.695   3.528   0.000   0   0.0000000   0.500
0   12.695   3.528   0.000   0   0.0000000   0.500
0   12.695   3.528   0.000   0   0.0000000   0.500
0   12.695   3.528   0.000   0   0.0000000   0.500
0   12.695   3.528   0.000   0   0.0000000   0.500
0   12.695   3.528   0.000   0   0.0000000   0.500
0   12.695   3.528   0.000   0   0.0000000   0.500
0   12.695   3.528   0.000   0   0.0000000   0.500
0   12.695   3.528   0.000   0   0.0000000   0.500
0   12.695   3.528   0.000   0   0.0000000   0.500
0   12.695   3.528   0.000   0   0.0000000   0.500
0   12.695   3.528   0.000   0   0.0000000   0.500
0   12.695   3.528   0.000   0   0.0000000   0.500
0   12.695   3.528   0.000   0   0.0000000   0.500
0   12.695   3.528   0.000   0   0.0000000   0.500
0   12.695   3.528   0.000   0   0.0000000   0.500
0   12.695   3.528   0.000   0   0.0000000   0.500
0   12.695   3.528   0.000   0   0.0000000   0.500
0   12.695   3.528   0.000   0   0.0000000   0.500
0   12.695   3.528   0.000   0   0.0000000   0.500
0   12.695   3.528   0.000   0   0.0000000   0.500
0   12.695   3.528   0.000   0   0.0000000   0.500
0   12.695   3.528   0.000   0   0.0000000   0.500
0   12.695   3.528   0.000   0   0.0000000   0.500
0   12.695   3.528   0.000   0   0.0000000   0.500
0   12.695   3.528   0.000   0   0.0000000   0.500
0   12.695   3.528   0.000   0   0.0000000   0.500
0   12.695   3.528   0.000   0   0.0000000   0.500
0   12.695   3.528   0.000   0   0.0000000   0.500
0   12.695   3.528   0.000   0   0.0000000   0.500
0   12.695   3.528   0.000   0   0.0000000   0.500
0   12.695   3.528   0.000   0   0.0000000   0.500
0   12.695   3.528   0.000   0   0.0000000   0.500
0   12.695   3.528   0.000   0   0.0000000   0.500
0   12.695   3.528   0.000   0   0.0000000   0.500
0   12.695   3.528   0.000   0   0.0000000   0.500
0   12.695   3.528   0.000   0   0.0000000   0.500
0   12.695   3.528   0.000   0   0.0000000   0.500
0   12.695   3.528   0.000   0   0.0000000   0.500
0   12.695   3.528   0.000   0   0.0000000   0.500
0   12.695   3.528   0.000   0   0.0000000   0.500
0   12.695   3.528   0.000   0   0.0000000   0.500
0   12.695   3.528   0.000   0   0.0000000   0.500
0   12.695   3.528   0.000   0   0.0000000   0.500
0   12.695   3.528   0.000   0   0.0000000   0.500
0   12.695   3.528   0.000   0   0.0000000   0.500
0   12.695   3.528   0.000   0   0.0000000   0.500
0   12.695   3.528   0.000   0   0.0000000   0.500
0   12.695   3.528   0.000   0   0.0000000   0.500
0   12.695   3.528   0.000   0   0.0000000   0.500
0   12.695   3.528   0.000   0   0.0000000   0.500
0   12.695   3.528   0.000   0   0.0000000   0.500
0   12.695   3.528   0.000   0   0.0000000   0.500
0   12.695   3.528   0.000   0   0.0000000   0.500
0   12.695   3.528   0.000   0   0.0000000   0.500
0   12.695   3.528   0.000   0   0.0000000   0.500
0   12.695   3.528   0.000   0   0.0000000   0.500
0   12.695   3.528   0.000   0   0.0000000   0.500
0   12.695   3.528   0.000   0   0.0000000   0.500
0   12.695   3.528   0.000   0   0.0000000   0.500
0   12.695   3.528   0.000   0   0.0000000   0.500
0   12.695   3.528   0.000   0   0.0000000   0.500
0   12.695   3.528   0.000   0   0.0000000   0.500
0   12.695   3.528   0.000   0   0.0000000   0.500
0   12.695   3.528   0.000   0   0.0000000   0.500
0   12.695   3.528   0.000   0   0.0000000   0.500
0   12.695   3.528   0.000   0   0.0000000   0.500
0   12.695   3.528   0.000   0   0.0000000   0.500
0   12.695   3.528   0.000   0   0.0000000   0.500
0   12.695   3.528   0.000   0   0.0000000   0.500
0   12.695   3.528   0.000   0   0.0000000   0.500
0   12.695   3.528   0.000   0   0.0000000   0.500
0   12.695   3.528   0.000   0   0.0000000   0.500
0   12.695   3.528   0.000   0   0.0000000   0.500
0   12.695   3.528   0.000   0   0.0000000   0.500
0   12.695   3.528   0.000   0   0.0000000   0.500
0   12.695   3.528   0.000   0   0.0000000   0.500
0   12.695   3.528   0.000   0   0.0000000   0.500
0   12.695   3.528   0.000   0   0.0000000   0.500
0   12.695   3.528   0.000   0   0.0000000   0.500
0   12.695   3.528   0.000   0   0.0000000   0.500
0   12.695   3.528   0.000   0   0.0000000   0.500
0   12.695   3.528   0.000   0   0.0000000   0.500
0   12.695   3.528   0.000   0   0.0000000   0.500
0   12.695   3.528   0.000   0   0.0000000   0.500
0   12.695   3.528   0.000   0   0.0000000   0.500
0   12.695   3.528   0.000   0   0.0000000   0.500
0   12.695   3.528   0.000   0   0.0000000   0.500
0   12.695   3.528   0.000   0   0.0000000   0.500
0   12.695   3.528   0.000   0   0.0000000   0.500
0   12.695   3.528   0.000   0   0.0000000   0.500
0   12.695   3.528   0.000   0   0.0000000   0.500
0   12.695   3.528   0.000   0   0.0000000   0.500
0   12.695   3.528   0.000   0   0.0000000   0.500
0   12.695   3.528   0.000   0   0.0000000   0.500
0   12.695   3.528   0.000   0   0.0000000   0.500
0   12.695   3.528   0.000   0   0.0000000   0.500
0   12.695   3.528   0.000   0   0.0000000   0.500
0   12.695   3.528   0.000   0   0.0000000   0.500
0   12.695   3.528   0.000   0   0.0000000   0.500
0   12.695   3.528   0.000   0   0.0000000   0.500
0   12.695   3.528   0.000   0   0.0000000   0.500
0   12.695   3.528   0.000   0   0.0000000   0.500
0   12.695   3.528   0.000   0   0.0000000   0.500
0   12.695   3.528   0.000   0   0.0000000   0.500
0   12.695   3.528   0.000   0   0.0000000   0.500
0   12.695   3.528   0.000   0   0.0000000   0.500
0   12.695   3.528   0.000   0   0.0000000   0.500
0   12.695   3.528   0.000   0   0.0000000   0.500
0   12.695   3.528   0.000   0   0.0000000   0.500
0   12.695   3.528   0.000   0   0.0000000   0.500
0   12.695   3.528   0.000   0   0.0000000   0.500
0   12.695   3.528   0.000   0   0.0000000   0.500
0   12.695   3.528   0.000   0   0.0000000   0.500
0   12.695   3.528   0.000   0   0.0000000   0.500
0   12.695   3.528   0.000   0   0.0000000   0.500
0   12.695   3.528   0.000   0   0.0000000   0.500
0   12.695   3.528   0.000   0   0.0000000   0.500
0   12.695   3.528   0.000   0   0.0000000   0.500
0   12.695   3.528   0.000   0   0.0000000   0.500
0   12.695   3.528   0.000   0   0.0000000   0.500
0   12.695   3.528   0.000   0   0.0000000   0.500
0   12.695   3.528   0.000   0   0.0000000   0.500
0   12.695   3.528   0.000   0   0.0000000   0.500
0   12.695   3.528   0.000   0   0.0000000   0.500
0   12.695   3.528   0.000   0   0.0000000   0.500
