0   -2.167   -10.010   0.000   0   0.0000000   3.000
0   -1.924   -9.951   0.000   0   0.0000000   3.000
0   -1.683   -9.885   0.000   0   0.0000000   3.000
0   -1.445   -9.810   0.000   0   0.0000000   3.000
0   -1.165   -9.703   0.000   0   0.0000000   3.000
0   -0.937   -9.599   0.000   0   0.0000000   3.000
0   -0.719   -9.477   0.000   0   0.0000000   3.000
0   -0.475   -9.303   0.000   0   0.0000000   3.000
0   -0.284   -9.142   0.000   0   0.0000000   3.000
0   -0.098   -8.976   0.000   0   0.0000000   3.000
0   0.086   -8.806   0.000   0   0.0000000   3.000
0   0.269   -8.636   0.000   0   0.0000000   3.000
0   0.486   -8.429   0.000   0   0.0000000   3.000
0   0.667   -8.256   0.000   0   0.0000000   3.000
0   0.885   -8.049   0.000   0   0.0000000   3.000
0   1.067   -7.879   0.000   0   0.0000000   3.000
0   1.250   -7.708   0.000   0   0.0000000   3.000
0   1.431   -7.536   0.000   0   0.0000000   3.000
0   1.612   -7.363   0.000   0   0.0000000   3.000
0   1.793   -7.191   0.000   0   0.0000000   3.000
0   1.974   -7.019   0.000   0   0.0000000   3.000
0   2.155   -6.846   0.000   0   0.0000000   3.000
0   2.366   -6.633   0.000   0   0.0000000   3.000
0   2.540   -6.454   0.000   0   0.0000000   3.000
0   2.716   -6.276   0.000   0   0.0000000   3.000
0   2.894   -6.100   0.000   0   0.0000000   3.000
0   3.071   -5.924   0.000   0   0.0000000   3.000
0   3.281   -5.710   0.000   0   0.0000000   3.000
0   3.456   -5.531   0.000   0   0.0000000   3.000
0   3.632   -5.354   0.000   0   0.0000000   3.000
0   3.811   -5.178   0.000   0   0.0000000   3.000
0   3.989   -5.003   0.000   0   0.0000000   3.000
0   4.165   -4.825   0.000   0   0.0000000   3.000
0   4.340   -4.647   0.000   0   0.0000000   3.000
0   4.516   -4.469   0.000   0   0.0000000   3.000
0   4.730   -4.259   0.000   0   0.0000000   3.000
0   4.908   -4.084   0.000   0   0.0000000   3.000
0   5.087   -3.909   0.000   0   0.0000000   3.000
0   5.265   -3.734   0.000   0   0.0000000   3.000
0   5.444   -3.559   0.000   0   0.0000000   3.000
0   5.625   -3.386   0.000   0   0.0000000   3.000
0   5.804   -3.213   0.000   0   0.0000000   3.000
0   5.982   -3.037   0.000   0   0.0000000   3.000
0   6.159   -2.860   0.000   0   0.0000000   3.000
0   6.336   -2.683   0.000   0   0.0000000   3.000
0   6.514   -2.508   0.000   0   0.0000000   3.000
0   6.692   -2.332   0.000   0   0.0000000   3.000
0   6.865   -2.152   0.000   0   0.0000000   3.000
0   7.038   -1.971   0.000   0   0.0000000   3.000
0   7.246   -1.756   0.000   0   0.0000000   3.000
0   7.422   -1.578   0.000   0   0.0000000   3.000
0   7.599   -1.401   0.000   0   0.0000000   3.000
0   7.773   -1.221   0.000   0   0.0000000   3.000
0   7.947   -1.042   0.000   0   0.0000000   3.000
0   8.122   -0.864   0.000   0   0.0000000   3.000
0   8.299   -0.687   0.000   0   0.0000000   3.000
0   8.477   -0.511   0.000   0   0.0000000   3.000
0   8.652   -0.333   0.000   0   0.0000000   3.000
0   8.824   -0.151   0.000   0   0.0000000   3.000
0   8.989   0.036   0.000   0   0.0000000   3.000
0   9.147   0.230   0.000   0   0.0000000   3.000
0   9.292   0.433   0.000   0   0.0000000   3.000
0   9.420   0.648   0.000   0   0.0000000   3.000
0   9.531   0.872   0.000   0   0.0000000   3.000
0   9.647   1.149   0.000   0   0.0000000   3.000
0   9.730   1.385   0.000   0   0.0000000   3.000
0   9.809   1.674   0.000   0   0.0000000   3.000
0   9.863   1.969   0.000   0   0.0000000   3.000
0   9.894   2.267   0.000   0   0.0000000   3.000
0   9.906   2.567   0.000   0   0.0000000   3.000
0   9.897   2.867   0.000   0   0.0000000   3.000
0   9.863   3.165   0.000   0   0.0000000   3.000
0   9.813   3.410   0.000   0   0.0000000   3.000
0   9.733   3.699   0.000   0   0.0000000   3.000
0   9.649   3.934   0.000   0   0.0000000   3.000
0   9.551   4.164   0.000   0   0.0000000   3.000
0   9.416   4.432   0.000   0   0.0000000   3.000
0   9.258   4.687   0.000   0   0.0000000   3.000
0   9.081   4.929   0.000   0   0.0000000   3.000
0   8.889   5.159   0.000   0   0.0000000   3.000
0   8.717   5.341   0.000   0   0.0000000   3.000
0   8.534   5.511   0.000   0   0.0000000   3.000
0   8.336   5.664   0.000   0   0.0000000   3.000
0   8.128   5.803   0.000   0   0.0000000   3.000
0   7.913   5.930   0.000   0   0.0000000   3.000
0   7.646   6.066   0.000   0   0.0000000   3.000
0   7.369   6.180   0.000   0   0.0000000   3.000
0   7.102   6.261   0.000   0   0.0000000   2.500
0   6.878   6.312   0.000   0   0.0000000   2.000
0   6.702   6.344   0.000   0   0.0000000   1.500
0   6.592   6.362   0.000   0   0.0000000   1.083
0   6.517   6.373   0.000   0   0.0000000   0.667
0   6.463   6.380   0.000   0   0.0000000   0.500
0   6.421   6.384   0.000   0   0.0000000   0.500
0   6.372   6.390   0.000   0   0.0000000   0.500
0   6.322   6.395   0.000   0   0.0000000   0.500
0   6.280   6.398   0.000   0   0.0000000   0.500
0   6.239   6.402   0.000   0   0.0000000   0.500
0   6.197   6.405   0.000   0   0.0000000   0.500
0   6.156   6.408   0.000   0   0.0000000   0.500
0   6.114   6.411   0.000   0   0.0000000   0.500
0   6.064   6.414   0.000   0   0.0000000   0.500
0   6.023   6.416   0.000   0   0.0000000   0.500
0   5.981   6.418   0.000   0   0.0000000   0.500
0   5.939   6.419   0.000   0   0.0000000   0.500
0   5.939   6.419   0.000   0   0.0000000   0.000
0   5.926   6.419   0.000   0   0.0000000   0.417
0   5.885   6.420   0.000   0   0.0000000   0.500
0   5.844   6.420   0.000   0   0.0000000   0.500
0   5.802   6.420   0.000   0   0.0000000   0.500
0   5.760   6.419   0.000   0   0.0000000   0.500
0   5.710   6.417   0.000   0   0.0000000   0.500
0   5.669   6.416   0.000   0   0.0000000   0.500
0   5.627   6.414   0.000   0   0.0000000   0.500
0   5.585   6.413   0.000   0   0.0000000   0.500
0   5.544   6.411   0.000   0   0.0000000   0.500
0   5.544   6.411   0.000   0   0.0000000   0.000
0   5.544   6.411   0.000   0   0.0000000   0.000
0   5.544   6.411   0.000   0   0.0000000   0.000
0   5.544   6.411   0.000   0   0.0000000   0.000
0   5.544   6.411   0.000   0   0.0000000   0.000
0   5.544   6.411   0.000   0   0.0000000   0.000
0   5.544   6.411   0.000   0   0.0000000   0.000
0   5.544   6.411   0.000   0   0.0000000   0.000
0   5.544   6.411   0.000   0   0.0000000   0.000
0   5.544   6.411   0.000   0   0.0000000   0.000
0   5.544   6.411   0.000   0   0.0000000   0.000
0   5.544   6.411   0.000   0   0.0000000   0.000
0   5.544   6.411   0.000   0   0.0000000   0.000
0   5.544   6.411   0.000   0   0.0000000   0.000
0   5.544   6.411   0.000   0   0.0000000   0.000
0   5.544   6.411   0.000   0   0.0000000   0.000
0   5.544   6.411   0.000   0   0.0000000   0.000
0   5.544   6.411   0.000   0   0.0000000   0.000
0   5.544   6.411   0.000   0   0.0000000   0.000
0   5.544   6.411   0.000   0   0.0000000   0.000
0   5.544   6.411   0.000   0   0.0000000   0.000
0   5.544   6.411   0.000   0   0.0000000   0.000
0   5.544   6.411   0.000   0   0.0000000   0.000
0   5.544   6.411   0.000   0   0.0000000   0.000
0   5.544   6.411   0.000   0   0.0000000   0.000
0   5.544   6.411   0.000   0   0.0000000   0.000
0   5.544   6.411   0.000   0   0.0000000   0.000
0   5.544   6.411   0.000   0   0.0000000   0.000
0   5.544   6.411   0.000   0   0.0000000   0.000
0   5.544   6.411   0.000   0   0.0000000   0.000
0   5.544   6.411   0.000   0   0.0000000   0.000
0   5.544   6.411   0.000   0   0.0000000   0.000
0   5.544   6.411   0.000   0   0.0000000   0.000
0   5.544   6.411   0.000   0   0.0000000   0.000
0   5.544   6.411   0.000   0   0.0000000   0.000
0   5.544   6.411   0.000   0   0.0000000   0.000
0   5.544   6.411   0.000   0   0.0000000   0.000
0   5.544   6.411   0.000   0   0.0000000   0.000
0   5.544   6.411   0.000   0   0.0000000   0.000
0   5.544   6.411   0.000   0   0.0000000   0.000
0   5.544   6.411   0.000   0   0.0000000   0.000
0   5.544   6.411   0.000   0   0.0000000   0.000
0   5.544   6.411   0.000   0   0.0000000   0.000
0   5.544   6.411   0.000   0   0.0000000   0.000
0   5.544   6.411   0.000   0   0.0000000   0.000
0   5.544   6.411   0.000   0   0.0000000   0.000
0   5.544   6.411   0.000   0   0.0000000   0.000
0   5.544   6.411   0.000   0   0.0000000   0.000
0   5.544   6.411   0.000   0   0.0000000   0.000
0   5.544   6.411   0.000   0   0.0000000   0.000
0   5.544   6.411   0.000   0   0.0000000   0.000
0   5.544   6.411   0.000   0   0.0000000   0.000
0   5.544   6.411   0.000   0   0.0000000   0.000
0   5.544   6.411   0.000   0   0.0000000   0.000
0   5.544   6.411   0.000   0   0.0000000   0.000
0   5.544   6.411   0.000   0   0.0000000   0.000
0   5.544   6.411   0.000   0   0.0000000   0.000
0   5.544   6.411   0.000   0   0.0000000   0.000
0   5.544   6.411   0.000   0   0.0000000   0.000
0   5.544   6.411   0.000   0   0.0000000   0.000
0   5.544   6.411   0.000   0   0.0000000   0.000
0   5.544   6.411   0.000   0   0.0000000   0.000
0   5.544   6.411   0.000   0   0.0000000   0.000
0   5.544   6.411   0.000   0   0.0000000   0.000
0   5.544   6.411   0.000   0   0.0000000   0.000
0   5.544   6.411   0.000   0   0.0000000   0.000
0   5.544   6.411   0.000   0   0.0000000   0.000
0   5.544   6.411   0.000   0   0.0000000   0.000
0   5.544   6.411   0.000   0   0.0000000   0.000
0   5.544   6.411   0.000   0   0.0000000   0.000
0   5.544   6.411   0.000   0   0.0000000   0.000
0   5.544   6.411   0.000   0   0.0000000   0.000
0   5.544   6.411   0.000   0   0.0000000   0.000
0   5.544   6.411   0.000   0   0.0000000   0.000
0   5.544   6.411   0.000   0   0.0000000   0.000
0   5.544   6.411   0.000   0   0.0000000   0.000
0   5.544   6.411   0.000   0   0.0000000   0.000
0   5.544   6.411   0.000   0   0.0000000   0.000
0   5.544   6.411   0.000   0   0.0000000   0.000
0   5.544   6.411   0.000   0   0.0000000   0.000
0   5.544   6.411   0.000   0   0.0000000   0.000
0   5.544   6.411   0.000   0   0.0000000   0.000
0   5.544   6.411   0.000   0   0.0000000   0.000
0   5.544   6.411   0.000   0   0.0000000   0.000
0   5.544   6.411   0.000   0   0.0000000   0.000
0   5.544   6.411   0.000   0   0.0000000   0.000
0   5.544   6.411   0.000   0   0.0000000   0.000
0   5.544   6.411   0.000   0   0.0000000   0.000
0   5.544   6.411   0.000   0   0.0000000   0.000
0   5.544   6.411   0.000   0   0.0000000   0.000
0   5.544   6.411   0.000   0   0.0000000   0.000
0   5.544   6.411   0.000   0   0.0000000   0.000
0   5.544   6.411   0.000   0   0.0000000   0.000
0   5.544   6.411   0.000   0   0.0000000   0.000
0   5.544   6.411   0.000   0   0.0000000   0.000
0   5.544   6.411   0.000   0   0.0000000   0.000
0   5.544   6.411   0.000   0   0.0000000   0.000
0   5.544   6.411   0.000   0   0.0000000   0.000
0   5.544   6.411   0.000   0   0.0000000   0.000
0   5.544   6.411   0.000   0   0.0000000   0.000
0   5.544   6.411   0.000   0   0.0000000   0.000
0   5.544   6.411   0.000   0   0.0000000   0.000
0   5.544   6.411   0.000   0   0.0000000   0.000
0   5.544   6.411   0.000   0   0.0000000   0.000
0   5.544   6.411   0.000   0   0.0000000   0.000
0   5.544   6.411   0.000   0   0.0000000   0.000
0   5.544   6.411   0.000   0   0.0000000   0.000
0   5.544   6.411   0.000   0   0.0000000   0.000
0   5.544   6.411   0.000   0   0.0000000   0.000
0   5.544   6.411   0.000   0   0.0000000   0.000
0   5.544   6.411   0.000   0   0.0000000   0.000
0   5.544   6.411   0.000   0   0.0000000   0.000
0   5.544   6.411   0.000   0   0.0000000   0.000
0   5.544   6.411   0.000   0   0.0000000   0.000
0   5.544   6.411   0.000   0   0.0000000   0.000
0   5.544   6.411   0.000   0   0.0000000   0.000
0   5.544   6.411   0.000   0   0.0000000   0.000
0   5.544   6.411   0.000   0   0.0000000   0.000
0   5.544   6.411   0.000   0   0.0000000   0.000
0   5.544   6.411   0.000   0   0.0000000   0.000
0   5.544   6.411   0.000   0   0.0000000   0.000
0   5.544   6.411   0.000   0   0.0000000   0.000
0   5.544   6.411   0.000   0   0.0000000   0.000
0   5.544   6.411   0.000   0   0.0000000   0.000
0   5.544   6.411   0.000   0   0.0000000   0.000
0   5.544   6.411   0.000   0   0.0000000   0.000
0   5.544   6.411   0.000   0   0.0000000   0.000
0   5.544   6.411   0.000   0   0.0000000   0.000
0   5.544   6.411   0.000   0   0.0000000   0.000
0   5.544   6.411   0.000   0   0.0000000   0.000
0   5.544   6.411   0.000   0   0.0000000   0.000
0   5.544   6.411   0.000   0   0.0000000   0.000
0   5.544   6.411   0.000   0   0.0000000   0.000
0   5.544   6.411   0.000   0   0.0000000   0.000
0   5.544   6.411   0.000   0   0.0000000   0.000
0   5.544   6.411   0.000   0   0.0000000   0.000
0   5.544   6.411   0.000   0   0.0000000   0.000
0   5.544   6.411   0.000   0   0.0000000   0.000
0   5.544   6.411   0.000   0   0.0000000   0.000
0   5.544   6.411   0.000   0   0.0000000   0.000
0   5.544   6.411   0.000   0   0.0000000   0.000
0   5.544   6.411   0.000   0   0.0000000   0.000
0   5.544   6.411   0.000   0   0.0000000   0.000
0   5.544   6.411   0.000   0   0.0000000   0.000
0   5.544   6.411   0.000   0   0.0000000   0.000
0   5.544   6.411   0.000   0   0.0000000   0.000
0   5.544   6.411   0.000   0   0.0000000   0.000
0   5.544   6.411   0.000   0   0.0000000   0.000
0   5.544   6.411   0.000   0   0.0000000   0.000
0   5.544   6.411   0.000   0   0.0000000   0.000
0   5.544   6.411   0.000   0   0.0000000   0.000
0   5.544   6.411   0.000   0   0.0000000   0.000
0   5.544   6.411   0.000   0   0.0000000   0.000
0   5.544   6.411   0.000   0   0.0000000   0.000
0   5.544   6.411   0.000   0   0.0000000   0.000
0   5.544   6.411   0.000   0   0.0000000   0.000
0   5.544   6.411   0.000   0   0.0000000   0.000
0   5.544   6.411   0.000   0   0.0000000   0.000
0   5.544   6.411   0.000   0   0.0000000   0.000
0   5.544   6.411   0.000   0   0.0000000   0.000
0   5.544   6.411   0.000   0   0.0000000   0.000
0   5.544   6.411   0.000   0   0.0000000   0.000
0   5.544   6.411   0.000   0   0.0000000   0.000
0   5.544   6.411   0.000   0   0.0000000   0.000
0   5.544   6.411   0.000   0   0.0000000   0.000
0   5.544   6.411   0.000   0   0.0000000   0.000
0   5.544   6.411   0.000   0   0.0000000   0.000
0   5.544   6.411   0.000   0   0.0000000   0.000
0   5.544   6.411   0.000   0   0.0000000   0.000
0   5.544   6.411   0.000   0   0.0000000   0.000
0   5.544   6.411   0.000   0   0.0000000   0.000
0   5.544   6.411   0.000   0   0.0000000   0.000
0   5.544   6.411   0.000   0   0.0000000   0.000
0   5.544   6.411   0.000   0   0.0000000   0.000
0   5.544   6.411   0.000   0   0.0000000   0.000
0   5.544   6.411   0.000   0   0.0000000   0.000
0   5.544   6.411   0.000   0   0.0000000   0.000
0   5.544   6.411   0.000   0   0.0000000   0.000
0   5.544   6.411   0.000   0   0.0000000   0.000
0   5.544   6.411   0.000   0   0.0000000   0.000
0   5.544   6.411   0.000   0   0.0000000   0.000
0   5.544   6.411   0.000   0   0.0000000   0.000
0   5.544   6.411   0.000   0   0.0000000   0.000
0   5.544   6.411   0.000   0   0.0000000   0.000
0   5.544   6.411   0.000   0   0.0000000   0.000
0   5.544   6.411   0.000   0   0.0000000   0.000
0   5.544   6.411   0.000   0   0.0000000   0.000
0   5.544   6.411   0.000   0   0.0000000   0.000
0   5.544   6.411   0.000   0   0.0000000   0.000
0   5.544   6.411   0.000   0   0.0000000   0.000
0   5.544   6.411   0.000   0   0.0000000   0.000
0   5.544   6.411   0.000   0   0.0000000   0.000
0   5.544   6.411   0.000   0   0.0000000   0.000
0   5.544   6.411   0.000   0   0.0000000   0.000
0   5.544   6.411   0.000   0   0.0000000   0.000
0   5.544   6.411   0.000   0   0.0000000   0.000
0   5.544   6.411   0.000   0   0.0000000   0.000
0   5.544   6.411   0.000   0   0.0000000   0.000
0   5.544   6.411   0.000   0   0.0000000   0.000
0   5.544   6.411   0.000   0   0.0000000   0.000
0   5.544   6.411   0.000   0   0.0000000   0.000
0   5.544   6.411   0.000   0   0.0000000   0.000
0   5.544   6.411   0.000   0   0.0000000   0.000
0   5.544   6.411   0.000   0   0.0000000   0.000
0   5.544   6.411   0.000   0   0.0000000   0.000
0   5.544   6.411   0.000   0   0.0000000   0.000
0   5.544   6.411   0.000   0   0.0000000   0.000
0   5.544   6.411   0.000   0   0.0000000   0.000
0   5.544   6.411   0.000   0   0.0000000   0.000
0   5.544   6.411   0.000   0   0.0000000   0.000
0   5.544   6.411   0.000   0   0.0000000   0.000
0   5.544   6.411   0.000   0   0.0000000   0.000
0   5.544   6.411   0.000   0   0.0000000   0.000
0   5.544   6.411   0.000   0   0.0000000   0.000
0   5.544   6.411   0.000   0   0.0000000   0.000
0   5.544   6.411   0.000   0   0.0000000   0.000
0   5.544   6.411   0.000   0   0.0000000   0.000
0   5.544   6.411   0.000   0   0.0000000   0.000
0   5.544   6.411   0.000   0   0.0000000   0.000
0   5.544   6.411   0.000   0   0.0000000   0.000
0   5.544   6.411   0.000   0   0.0000000   0.000
0   5.544   6.411   0.000   0   0.0000000   0.000
0   5.544   6.411   0.000   0   0.0000000   0.000
0   5.544   6.411   0.000   0   0.0000000   0.000
0   5.544   6.411   0.000   0   0.0000000   0.000
0   5.544   6.411   0.000   0   0.0000000   0.000
0   5.544   6.411   0.000   0   0.0000000   0.000
0   5.544   6.411   0.000   0   0.0000000   0.000
0   5.544   6.411   0.000   0   0.0000000   0.000
0   5.544   6.411   0.000   0   0.0000000   0.000
0   5.544   6.411   0.000   0   0.0000000   0.000
0   5.544   6.411   0.000   0   0.0000000   0.000
0   5.544   6.411   0.000   0   0.0000000   0.000
0   5.544   6.411   0.000   0   0.0000000   0.000
0   5.544   6.411   0.000   0   0.0000000   0.000
0   5.544   6.411   0.000   0   0.0000000   0.000
0   5.544   6.411   0.000   0   0.0000000   0.000
0   5.544   6.411   0.000   0   0.0000000   0.000
0   5.544   6.411   0.000   0   0.0000000   0.000
0   5.544   6.411   0.000   0   0.0000000   0.000
0   5.544   6.411   0.000   0   0.0000000   0.000
0   5.544   6.411   0.000   0   0.0000000   0.000
0   5.544   6.411   0.000   0   0.0000000   0.000
0   5.544   6.411   0.000   0   0.0000000   0.000
0   5.544   6.411   0.000   0   0.0000000   0.000
0   5.544   6.411   0.000   0   0.0000000   0.000
0   5.544   6.411   0.000   0   0.0000000   0.000
0   5.544   6.411   0.000   0   0.0000000   0.000
0   5.544   6.411   0.000   0   0.0000000   0.000
0   5.544   6.411   0.000   0   0.0000000   0.000
0   5.544   6.411   0.000   0   0.0000000   0.000
0   5.544   6.411   0.000   0   0.0000000   0.000
0   5.544   6.411   0.000   0   0.0000000   0.000
0   5.544   6.411   0.000   0   0.0000000   0.000
0   5.544   6.411   0.000   0   0.0000000   0.000
0   5.544   6.411   0.000   0   0.0000000   0.000
0   5.544   6.411   0.000   0   0.0000000   0.000
0   5.544   6.411   0.000   0   0.0000000   0.000
0   5.544   6.411   0.000   0   0.0000000   0.000
0   5.544   6.411   0.000   0   0.0000000   0.000
0   5.544   6.411   0.000   0   0.0000000   0.000
0   5.544   6.411   0.000   0   0.0000000   0.000
