0   6.506   -5.589   0.000   0   0.0000000   3.000
0   6.795   -5.508   0.000   0   0.0000000   3.000
0   7.089   -5.449   0.000   0   0.0000000   3.000
0   7.385   -5.403   0.000   0   0.0000000   3.000
0   7.682   -5.357   0.000   0   0.0000000   3.000
0   7.978   -5.309   0.000   0   0.0000000   3.000
0   8.273   -5.255   0.000   0   0.0000000   3.000
0   8.567   -5.197   0.000   0   0.0000000   3.000
0   8.859   -5.130   0.000   0   0.0000000   3.000
0   9.147   -5.044   0.000   0   0.0000000   3.000
0   9.428   -4.938   0.000   0   0.0000000   3.000
0   9.700   -4.813   0.000   0   0.0000000   3.000
0   9.966   -4.673   0.000   0   0.0000000   3.000
0   10.221   -4.516   0.000   0   0.0000000   3.000
0   10.463   -4.338   0.000   0   0.0000000   3.000
0   10.690   -4.142   0.000   0   0.0000000   3.000
0   10.903   -3.932   0.000   0   0.0000000   3.000
0   11.104   -3.709   0.000   0   0.0000000   3.000
0   11.290   -3.473   0.000   0   0.0000000   3.000
0   11.456   -3.224   0.000   0   0.0000000   3.000
0   11.602   -2.961   0.000   0   0.0000000   3.000
0   11.731   -2.691   0.000   0   0.0000000   3.000
0   11.848   -2.415   0.000   0   0.0000000   3.000
0   11.948   -2.132   0.000   0   0.0000000   3.000
0   12.022   -1.841   0.000   0   0.0000000   3.000
0   12.071   -1.545   0.000   0   0.0000000   3.000
0   12.096   -1.246   0.000   0   0.0000000   3.000
0   12.102   -0.947   0.000   0   0.0000000   3.000
0   12.085   -0.647   0.000   0   0.0000000   3.000
0   12.043   -0.350   0.000   0   0.0000000   3.000
0   11.978   -0.057   0.000   0   0.0000000   3.000
0   11.894   0.231   0.000   0   0.0000000   3.000
0   11.798   0.515   0.000   0   0.0000000   3.000
0   11.685   0.793   0.000   0   0.0000000   3.000
0   11.547   1.059   0.000   0   0.0000000   3.000
0   11.386   1.312   0.000   0   0.0000000   3.000
0   11.205   1.551   0.000   0   0.0000000   3.000
0   11.008   1.777   0.000   0   0.0000000   3.000
0   10.794   1.988   0.000   0   0.0000000   3.000
0   10.564   2.180   0.000   0   0.0000000   3.000
0   10.320   2.354   0.000   0   0.0000000   3.000
0   10.065   2.512   0.000   0   0.0000000   3.000
0   9.803   2.659   0.000   0   0.0000000   3.000
0   9.533   2.788   0.000   0   0.0000000   3.000
0   9.271   2.886   0.000   0   0.0000000   2.500
0   9.051   2.950   0.000   0   0.0000000   2.000
0   8.877   2.990   0.000   0   0.0000000   1.500
0   8.750   3.015   0.000   0   0.0000000   1.000
0   8.681   3.026   0.000   0   0.0000000   0.583
0   8.631   3.034   0.000   0   0.0000000   0.500
0   8.581   3.041   0.000   0   0.0000000   0.500
0   8.531   3.047   0.000   0   0.0000000   0.500
0   8.482   3.053   0.000   0   0.0000000   0.500
0   8.432   3.059   0.000   0   0.0000000   0.500
0   8.383   3.065   0.000   0   0.0000000   0.500
0   8.333   3.070   0.000   0   0.0000000   0.500
0   8.283   3.075   0.000   0   0.0000000   0.500
0   8.233   3.079   0.000   0   0.0000000   0.500
0   8.183   3.083   0.000   0   0.0000000   0.500
0   8.134   3.087   0.000   0   0.0000000   0.500
0   8.084   3.091   0.000   0   0.0000000   0.500
0   8.034   3.094   0.000   0   0.0000000   0.500
0   7.984   3.097   0.000   0   0.0000000   0.500
0   7.934   3.100   0.000   0   0.0000000   0.500
0   7.884   3.104   0.000   0   0.0000000   0.500
0   7.884   3.104   0.000   0   0.0000000   0.000
0   7.863   3.105   0.000   0   0.0000000   0.500
0   7.813   3.108   0.000   0   0.0000000   0.500
0   7.763   3.110   0.000   0   0.0000000   0.500
0   7.713   3.112   0.000   0   0.0000000   0.500
0   7.664   3.114   0.000   0   0.0000000   0.500
0   7.664   3.114   0.000   0   0.0000000   0.000
0   7.664   3.114   0.000   0   0.0000000   0.000
0   7.664   3.114   0.000   0   0.0000000   0.000
0   7.664   3.114   0.000   0   0.0000000   0.000
0   7.664   3.114   0.000   0   0.0000000   0.000
0   7.664   3.114   0.000   0   0.0000000   0.000
0   7.664   3.114   0.000   0   0.0000000   0.000
0   7.664   3.114   0.000   0   0.0000000   0.000
0   7.664   3.114   0.000   0   0.0000000   0.000
0   7.664   3.114   0.000   0   0.0000000   0.000
0   7.664   3.114   0.000   0   0.0000000   0.000
0   7.664   3.114   0.000   0   0.0000000   0.000
0   7.664   3.114   0.000   0   0.0000000   0.000
0   7.664   3.114   0.000   0   0.0000000   0.000
0   7.664   3.114   0.000   0   0.0000000   0.000
0   7.664   3.114   0.000   0   0.0000000   0.000
0   7.664   3.114   0.000   0   0.0000000   0.000
0   7.664   3.114   0.000   0   0.0000000   0.000
0   7.664   3.114   0.000   0   0.0000000   0.000
0   7.664   3.114   0.000   0   0.0000000   0.000
0   7.664   3.114   0.000   0   0.0000000   0.000
0   7.664   3.114   0.000   0   0.0000000   0.000
0   7.664   3.114   0.000   0   0.0000000   0.000
0   7.664   3.114   0.000   0   0.0000000   0.000
0   7.664   3.114   0.000   0   0.0000000   0.000
0   7.664   3.114   0.000   0   0.0000000   0.000
0   7.664   3.114   0.000   0   0.0000000   0.000
0   7.664   3.114   0.000   0   0.0000000   0.000
0   7.664   3.114   0.000   0   0.0000000   0.000
0   7.664   3.114   0.000   0   0.0000000   0.000
0   7.664   3.114   0.000   0   0.0000000   0.000
0   7.664   3.114   0.000   0   0.0000000   0.000
0   7.664   3.114   0.000   0   0.0000000   0.000
0   7.664   3.114   0.000   0   0.0000000   0.000
0   7.664   3.114   0.000   0   0.0000000   0.000
0   7.664   3.114   0.000   0   0.0000000   0.000
0   7.664   3.114   0.000   0   0.0000000   0.000
0   7.664   3.114   0.000   0   0.0000000   0.000
0   7.664   3.114   0.000   0   0.0000000   0.000
0   7.664   3.114   0.000   0   0.0000000   0.000
0   7.664   3.114   0.000   0   0.0000000   0.000
0   7.664   3.114   0.000   0   0.0000000   0.000
0   7.664   3.114   0.000   0   0.0000000   0.000
0   7.664   3.114   0.000   0   0.0000000   0.000
0   7.664   3.114   0.000   0   0.0000000   0.000
0   7.664   3.114   0.000   0   0.0000000   0.000
0   7.664   3.114   0.000   0   0.0000000   0.000
0   7.664   3.114   0.000   0   0.0000000   0.000
0   7.664   3.114   0.000   0   0.0000000   0.000
0   7.664   3.114   0.000   0   0.0000000   0.000
0   7.664   3.114   0.000   0   0.0000000   0.000
0   7.664   3.114   0.000   0   0.0000000   0.000
0   7.664   3.114   0.000   0   0.0000000   0.000
0   7.664   3.114   0.000   0   0.0000000   0.000
0   7.664   3.114   0.000   0   0.0000000   0.000
0   7.664   3.114   0.000   0   0.0000000   0.000
0   7.664   3.114   0.000   0   0.0000000   0.000
0   7.664   3.114   0.000   0   0.0000000   0.000
0   7.664   3.114   0.000   0   0.0000000   0.000
0   7.664   3.114   0.000   0   0.0000000   0.000
0   7.664   3.114   0.000   0   0.0000000   0.000
0   7.664   3.114   0.000   0   0.0000000   0.000
0   7.664   3.114   0.000   0   0.0000000   0.000
0   7.664   3.114   0.000   0   0.0000000   0.000
0   7.664   3.114   0.000   0   0.0000000   0.000
0   7.664   3.114   0.000   0   0.0000000   0.000
0   7.664   3.114   0.000   0   0.0000000   0.000
0   7.664   3.114   0.000   0   0.0000000   0.000
0   7.664   3.114   0.000   0   0.0000000   0.000
0   7.664   3.114   0.000   0   0.0000000   0.000
0   7.664   3.114   0.000   0   0.0000000   0.000
0   7.664   3.114   0.000   0   0.0000000   0.000
0   7.664   3.114   0.000   0   0.0000000   0.000
0   7.664   3.114   0.000   0   0.0000000   0.000
0   7.664   3.114   0.000   0   0.0000000   0.000
0   7.664   3.114   0.000   0   0.0000000   0.000
0   7.664   3.114   0.000   0   0.0000000   0.000
0   7.664   3.114   0.000   0   0.0000000   0.000
0   7.664   3.114   0.000   0   0.0000000   0.000
0   7.664   3.114   0.000   0   0.0000000   0.000
0   7.664   3.114   0.000   0   0.0000000   0.000
0   7.664   3.114   0.000   0   0.0000000   0.000
0   7.664   3.114   0.000   0   0.0000000   0.000
0   7.664   3.114   0.000   0   0.0000000   0.000
0   7.664   3.114   0.000   0   0.0000000   0.000
0   7.664   3.114   0.000   0   0.0000000   0.000
0   7.664   3.114   0.000   0   0.0000000   0.000
0   7.664   3.114   0.000   0   0.0000000   0.000
0   7.664   3.114   0.000   0   0.0000000   0.000
0   7.664   3.114   0.000   0   0.0000000   0.000
0   7.664   3.114   0.000   0   0.0000000   0.000
0   7.664   3.114   0.000   0   0.0000000   0.000
0   7.664   3.114   0.000   0   0.0000000   0.000
0   7.664   3.114   0.000   0   0.0000000   0.000
0   7.664   3.114   0.000   0   0.0000000   0.000
0   7.664   3.114   0.000   0   0.0000000   0.000
0   7.664   3.114   0.000   0   0.0000000   0.000
0   7.664   3.114   0.000   0   0.0000000   0.000
0   7.664   3.114   0.000   0   0.0000000   0.000
0   7.664   3.114   0.000   0   0.0000000   0.000
0   7.664   3.114   0.000   0   0.0000000   0.000
0   7.664   3.114   0.000   0   0.0000000   0.000
0   7.664   3.114   0.000   0   0.0000000   0.000
0   7.664   3.114   0.000   0   0.0000000   0.000
0   7.664   3.114   0.000   0   0.0000000   0.000
0   7.664   3.114   0.000   0   0.0000000   0.000
0   7.664   3.114   0.000   0   0.0000000   0.000
0   7.664   3.114   0.000   0   0.0000000   0.000
0   7.664   3.114   0.000   0   0.0000000   0.000
0   7.664   3.114   0.000   0   0.0000000   0.000
0   7.664   3.114   0.000   0   0.0000000   0.000
0   7.664   3.114   0.000   0   0.0000000   0.000
0   7.664   3.114   0.000   0   0.0000000   0.000
0   7.664   3.114   0.000   0   0.0000000   0.000
0   7.664   3.114   0.000   0   0.0000000   0.000
0   7.664   3.114   0.000   0   0.0000000   0.000
0   7.664   3.114   0.000   0   0.0000000   0.000
0   7.664   3.114   0.000   0   0.0000000   0.000
0   7.664   3.114   0.000   0   0.0000000   0.000
0   7.664   3.114   0.000   0   0.0000000   0.000
0   7.664   3.114   0.000   0   0.0000000   0.000
0   7.664   3.114   0.000   0   0.0000000   0.000
0   7.664   3.114   0.000   0   0.0000000   0.000
0   7.664   3.114   0.000   0   0.0000000   0.000
0   7.664   3.114   0.000   0   0.0000000   0.000
0   7.664   3.114   0.000   0   0.0000000   0.000
0   7.664   3.114   0.000   0   0.0000000   0.000
0   7.664   3.114   0.000   0   0.0000000   0.000
0   7.664   3.114   0.000   0   0.0000000   0.000
0   7.664   3.114   0.000   0   0.0000000   0.000
0   7.664   3.114   0.000   0   0.0000000   0.000
0   7.664   3.114   0.000   0   0.0000000   0.000
0   7.664   3.114   0.000   0   0.0000000   0.000
0   7.664   3.114   0.000   0   0.0000000   0.000
0   7.664   3.114   0.000   0   0.0000000   0.000
0   7.664   3.114   0.000   0   0.0000000   0.000
0   7.664   3.114   0.000   0   0.0000000   0.000
0   7.664   3.114   0.000   0   0.0000000   0.000
0   7.664   3.114   0.000   0   0.0000000   0.000
0   7.664   3.114   0.000   0   0.0000000   0.000
0   7.664   3.114   0.000   0   0.0000000   0.000
0   7.664   3.114   0.000   0   0.0000000   0.000
0   7.664   3.114   0.000   0   0.0000000   0.000
0   7.664   3.114   0.000   0   0.0000000   0.000
0   7.664   3.114   0.000   0   0.0000000   0.000
0   7.664   3.114   0.000   0   0.0000000   0.000
0   7.664   3.114   0.000   0   0.0000000   0.000
0   7.664   3.114   0.000   0   0.0000000   0.000
0   7.664   3.114   0.000   0   0.0000000   0.000
0   7.664   3.114   0.000   0   0.0000000   0.000
0   7.664   3.114   0.000   0   0.0000000   0.000
0   7.664   3.114   0.000   0   0.0000000   0.000
0   7.664   3.114   0.000   0   0.0000000   0.000
0   7.664   3.114   0.000   0   0.0000000   0.000
0   7.664   3.114   0.000   0   0.0000000   0.000
0   7.664   3.114   0.000   0   0.0000000   0.000
0   7.664   3.114   0.000   0   0.0000000   0.000
0   7.664   3.114   0.000   0   0.0000000   0.000
0   7.664   3.114   0.000   0   0.0000000   0.000
0   7.664   3.114   0.000   0   0.0000000   0.000
0   7.664   3.114   0.000   0   0.0000000   0.000
0   7.664   3.114   0.000   0   0.0000000   0.000
0   7.664   3.114   0.000   0   0.0000000   0.000
0   7.664   3.114   0.000   0   0.0000000   0.000
0   7.664   3.114   0.000   0   0.0000000   0.000
0   7.664   3.114   0.000   0   0.0000000   0.000
0   7.664   3.114   0.000   0   0.0000000   0.000
0   7.664   3.114   0.000   0   0.0000000   0.000
0   7.664   3.114   0.000   0   0.0000000   0.000
0   7.664   3.114   0.000   0   0.0000000   0.000
0   7.664   3.114   0.000   0   0.0000000   0.000
0   7.664   3.114   0.000   0   0.0000000   0.000
0   7.664   3.114   0.000   0   0.0000000   0.000
0   7.664   3.114   0.000   0   0.0000000   0.000
0   7.664   3.114   0.000   0   0.0000000   0.000
0   7.664   3.114   0.000   0   0.0000000   0.000
0   7.664   3.114   0.000   0   0.0000000   0.000
0   7.664   3.114   0.000   0   0.0000000   0.000
0   7.664   3.114   0.000   0   0.0000000   0.000
0   7.664   3.114   0.000   0   0.0000000   0.000
0   7.664   3.114   0.000   0   0.0000000   0.000
0   7.664   3.114   0.000   0   0.0000000   0.000
0   7.664   3.114   0.000   0   0.0000000   0.000
0   7.664   3.114   0.000   0   0.0000000   0.000
0   7.664   3.114   0.000   0   0.0000000   0.000
0   7.664   3.114   0.000   0   0.0000000   0.000
0   7.664   3.114   0.000   0   0.0000000   0.000
0   7.664   3.114   0.000   0   0.0000000   0.000
0   7.664   3.114   0.000   0   0.0000000   0.000
0   7.664   3.114   0.000   0   0.0000000   0.000
0   7.664   3.114   0.000   0   0.0000000   0.000
0   7.664   3.114   0.000   0   0.0000000   0.000
0   7.664   3.114   0.000   0   0.0000000   0.000
0   7.664   3.114   0.000   0   0.0000000   0.000
0   7.664   3.114   0.000   0   0.0000000   0.000
0   7.664   3.114   0.000   0   0.0000000   0.000
0   7.664   3.114   0.000   0   0.0000000   0.000
0   7.664   3.114   0.000   0   0.0000000   0.000
0   7.664   3.114   0.000   0   0.0000000   0.000
0   7.664   3.114   0.000   0   0.0000000   0.000
0   7.664   3.114   0.000   0   0.0000000   0.000
0   7.664   3.114   0.000   0   0.0000000   0.000
0   7.664   3.114   0.000   0   0.0000000   0.000
0   7.664   3.114   0.000   0   0.0000000   0.000
0   7.664   3.114   0.000   0   0.0000000   0.000
0   7.664   3.114   0.000   0   0.0000000   0.000
0   7.664   3.114   0.000   0   0.0000000   0.000
0   7.664   3.114   0.000   0   0.0000000   0.000
0   7.664   3.114   0.000   0   0.0000000   0.000
0   7.664   3.114   0.000   0   0.0000000   0.000
0   7.664   3.114   0.000   0   0.0000000   0.000
0   7.664   3.114   0.000   0   0.0000000   0.000
0   7.664   3.114   0.000   0   0.0000000   0.000
0   7.664   3.114   0.000   0   0.0000000   0.000
0   7.664   3.114   0.000   0   0.0000000   0.000
0   7.664   3.114   0.000   0   0.0000000   0.000
0   7.664   3.114   0.000   0   0.0000000   0.000
0   7.664   3.114   0.000   0   0.0000000   0.000
0   7.664   3.114   0.000   0   0.0000000   0.000
0   7.664   3.114   0.000   0   0.0000000   0.000
0   7.664   3.114   0.000   0   0.0000000   0.000
0   7.664   3.114   0.000   0   0.0000000   0.000
0   7.664   3.114   0.000   0   0.0000000   0.000
0   7.664   3.114   0.000   0   0.0000000   0.000
0   7.664   3.114   0.000   0   0.0000000   0.000
0   7.664   3.114   0.000   0   0.0000000   0.000
0   7.664   3.114   0.000   0   0.0000000   0.000
0   7.664   3.114   0.000   0   0.0000000   0.000
0   7.664   3.114   0.000   0   0.0000000   0.000
0   7.664   3.114   0.000   0   0.0000000   0.000
0   7.664   3.114   0.000   0   0.0000000   0.000
0   7.664   3.114   0.000   0   0.0000000   0.000
0   7.664   3.114   0.000   0   0.0000000   0.000
0   7.664   3.114   0.000   0   0.0000000   0.000
0   7.664   3.114   0.000   0   0.0000000   0.000
0   7.664   3.114   0.000   0   0.0000000   0.000
0   7.664   3.114   0.000   0   0.0000000   0.000
0   7.664   3.114   0.000   0   0.0000000   0.000
0   7.664   3.114   0.000   0   0.0000000   0.000
0   7.664   3.114   0.000   0   0.0000000   0.000
0   7.664   3.114   0.000   0   0.0000000   0.000
0   7.664   3.114   0.000   0   0.0000000   0.000
0   7.664   3.114   0.000   0   0.0000000   0.000
0   7.664   3.114   0.000   0   0.0000000   0.000
0   7.664   3.114   0.000   0   0.0000000   0.000
0   7.664   3.114   0.000   0   0.0000000   0.000
0   7.664   3.114   0.000   0   0.0000000   0.000
0   7.664   3.114   0.000   0   0.0000000   0.000
0   7.664   3.114   0.000   0   0.0000000   0.000
0   7.664   3.114   0.000   0   0.0000000   0.000
0   7.664   3.114   0.000   0   0.0000000   0.000
0   7.664   3.114   0.000   0   0.0000000   0.000
0   7.664   3.114   0.000   0   0.0000000   0.000
0   7.664   3.114   0.000   0   0.0000000   0.000
0   7.664   3.114   0.000   0   0.0000000   0.000
0   7.664   3.114   0.000   0   0.0000000   0.000
0   7.664   3.114   0.000   0   0.0000000   0.000
0   7.664   3.114   0.000   0   0.0000000   0.000
0   7.664   3.114   0.000   0   0.0000000   0.000
0   7.664   3.114   0.000   0   0.0000000   0.000
0   7.664   3.114   0.000   0   0.0000000   0.000
0   7.664   3.114   0.000   0   0.0000000   0.000
0   7.664   3.114   0.000   0   0.0000000   0.000
0   7.664   3.114   0.000   0   0.0000000   0.000
0   7.664   3.114   0.000   0   0.0000000   0.000
0   7.664   3.114   0.000   0   0.0000000   0.000
0   7.664   3.114   0.000   0   0.0000000   0.000
0   7.664   3.114   0.000   0   0.0000000   0.000
0   7.664   3.114   0.000   0   0.0000000   0.000
0   7.664   3.114   0.000   0   0.0000000   0.000
0   7.664   3.114   0.000   0   0.0000000   0.000
0   7.664   3.114   0.000   0   0.0000000   0.000
0   7.664   3.114   0.000   0   0.0000000   0.000
0   7.664   3.114   0.000   0   0.0000000   0.000
0   7.664   3.114   0.000   0   0.0000000   0.000
0   7.664   3.114   0.000   0   0.0000000   0.000
0   7.664   3.114   0.000   0   0.0000000   0.000
0   7.664   3.114   0.000   0   0.0000000   0.000
0   7.664   3.114   0.000   0   0.0000000   0.000
0   7.664   3.114   0.000   0   0.0000000   0.000
0   7.664   3.114   0.000   0   0.0000000   0.000
0   7.664   3.114   0.000   0   0.0000000   0.000
0   7.664   3.114   0.000   0   0.0000000   0.000
0   7.664   3.114   0.000   0   0.0000000   0.000
0   7.664   3.114   0.000   0   0.0000000   0.000
0   7.664   3.114   0.000   0   0.0000000   0.000
0   7.664   3.114   0.000   0   0.0000000   0.000
0   7.664   3.114   0.000   0   0.0000000   0.000
0   7.664   3.114   0.000   0   0.0000000   0.000
0   7.664   3.114   0.000   0   0.0000000   0.000
0   7.664   3.114   0.000   0   0.0000000   0.000
0   7.664   3.114   0.000   0   0.0000000   0.000
0   7.664   3.114   0.000   0   0.0000000   0.000
0   7.664   3.114   0.000   0   0.0000000   0.000
0   7.664   3.114   0.000   0   0.0000000   0.000
0   7.664   3.114   0.000   0   0.0000000   0.000
0   7.664   3.114   0.000   0   0.0000000   0.000
0   7.664   3.114   0.000   0   0.0000000   0.000
0   7.664   3.114   0.000   0   0.0000000   0.000
0   7.664   3.114   0.000   0   0.0000000   0.000
0   7.664   3.114   0.000   0   0.0000000   0.000
0   7.664   3.114   0.000   0   0.0000000   0.000
0   7.664   3.114   0.000   0   0.0000000   0.000
0   7.664   3.114   0.000   0   0.0000000   0.000
0   7.664   3.114   0.000   0   0.0000000   0.000
0   7.664   3.114   0.000   0   0.0000000   0.000
0   7.664   3.114   0.000   0   0.0000000   0.000
