0   -2.500   10.000   0.000   0   0.0000000   0.000
0   -2.500   10.000   0.000   0   0.0000000   0.000
0   -2.500   10.000   0.000   0   0.0000000   0.000
0   -2.500   10.000   0.000   0   0.0000000   0.000
0   -2.500   10.000   0.000   0   0.0000000   0.000
0   -2.500   10.000   0.000   0   0.0000000   0.000
0   -2.500   10.000   0.000   0   0.0000000   0.000
0   -2.500   10.000   0.000   0   0.0000000   0.000
0   -2.500   10.000   0.000   0   0.0000000   0.000
0   -2.500   10.000   0.000   0   0.0000000   0.000
0   -2.500   10.000   0.000   0   0.0000000   0.000
0   -2.500   10.000   0.000   0   0.0000000   0.000
0   -2.500   10.000   0.000   0   0.0000000   0.000
