0   7.000   6.000   0.000   0   0.0000000   0.000
0   7.000   6.000   0.000   0   0.0000000   0.000
0   7.000   6.000   0.000   0   0.0000000   0.000
0   7.000   6.000   0.000   0   0.0000000   0.000
0   7.000   6.000   0.000   0   0.0000000   0.000
0   7.000   6.000   0.000   0   0.0000000   0.000
0   7.000   6.000   0.000   0   0.0000000   0.000
0   7.000   6.000   0.000   0   0.0000000   0.000
0   7.000   6.000   0.000   0   0.0000000   0.000
0   7.000   6.000   0.000   0   0.0000000   0.000
0   7.000   6.000   0.000   0   0.0000000   0.000
0   7.000   6.000   0.000   0   0.0000000   0.000
0   7.000   6.000   0.000   0   0.0000000   0.000
