0   9.404   -6.657   0.000   0   0.0000000   3.000
0   9.682   -6.546   0.000   0   0.0000000   3.000
0   9.951   -6.413   0.000   0   0.0000000   3.000
0   10.208   -6.258   0.000   0   0.0000000   3.000
0   10.452   -6.084   0.000   0   0.0000000   3.000
0   10.682   -5.892   0.000   0   0.0000000   3.000
0   10.894   -5.679   0.000   0   0.0000000   3.000
0   11.080   -5.444   0.000   0   0.0000000   3.000
0   11.244   -5.193   0.000   0   0.0000000   3.000
0   11.396   -4.934   0.000   0   0.0000000   3.000
0   11.534   -4.668   0.000   0   0.0000000   3.000
0   11.653   -4.393   0.000   0   0.0000000   3.000
0   11.750   -4.109   0.000   0   0.0000000   3.000
0   11.825   -3.818   0.000   0   0.0000000   3.000
0   11.880   -3.523   0.000   0   0.0000000   3.000
0   11.914   -3.225   0.000   0   0.0000000   3.000
0   11.924   -2.926   0.000   0   0.0000000   3.000
0   11.909   -2.626   0.000   0   0.0000000   3.000
0   11.872   -2.329   0.000   0   0.0000000   3.000
0   11.813   -2.034   0.000   0   0.0000000   3.000
0   11.733   -1.745   0.000   0   0.0000000   3.000
0   11.631   -1.464   0.000   0   0.0000000   3.000
0   11.506   -1.191   0.000   0   0.0000000   3.000
0   11.361   -0.928   0.000   0   0.0000000   3.000
0   11.196   -0.677   0.000   0   0.0000000   3.000
0   11.014   -0.439   0.000   0   0.0000000   3.000
0   10.811   -0.218   0.000   0   0.0000000   3.000
0   10.584   -0.023   0.000   0   0.0000000   3.000
0   10.340   0.152   0.000   0   0.0000000   3.000
0   10.088   0.315   0.000   0   0.0000000   3.000
0   9.828   0.464   0.000   0   0.0000000   3.000
0   9.558   0.595   0.000   0   0.0000000   3.000
0   9.279   0.704   0.000   0   0.0000000   3.000
0   8.992   0.792   0.000   0   0.0000000   3.000
0   8.762   0.846   0.000   0   0.0000000   2.583
0   8.529   0.889   0.000   0   0.0000000   2.083
0   8.343   0.915   0.000   0   0.0000000   1.583
0   8.206   0.928   0.000   0   0.0000000   1.083
0   8.119   0.935   0.000   0   0.0000000   0.583
0   8.068   0.938   0.000   0   0.0000000   0.500
0   8.018   0.940   0.000   0   0.0000000   0.500
0   7.968   0.942   0.000   0   0.0000000   0.500
0   7.918   0.942   0.000   0   0.0000000   0.500
0   7.868   0.942   0.000   0   0.0000000   0.500
0   7.818   0.940   0.000   0   0.0000000   0.500
0   7.768   0.938   0.000   0   0.0000000   0.500
0   7.718   0.934   0.000   0   0.0000000   0.500
0   7.668   0.931   0.000   0   0.0000000   0.500
0   7.618   0.928   0.000   0   0.0000000   0.500
0   7.568   0.926   0.000   0   0.0000000   0.500
0   7.568   0.926   0.000   0   0.0000000   0.000
0   7.568   0.926   0.000   0   0.0000000   0.000
0   7.568   0.926   0.000   0   0.0000000   0.000
0   7.568   0.926   0.000   0   0.0000000   0.000
0   7.568   0.926   0.000   0   0.0000000   0.000
0   7.568   0.926   0.000   0   0.0000000   0.000
0   7.568   0.926   0.000   0   0.0000000   0.000
0   7.568   0.926   0.000   0   0.0000000   0.000
0   7.568   0.926   0.000   0   0.0000000   0.000
0   7.568   0.926   0.000   0   0.0000000   0.000
0   7.568   0.926   0.000   0   0.0000000   0.000
0   7.568   0.926   0.000   0   0.0000000   0.000
0   7.568   0.926   0.000   0   0.0000000   0.000
0   7.568   0.926   0.000   0   0.0000000   0.000
0   7.568   0.926   0.000   0   0.0000000   0.000
0   7.568   0.926   0.000   0   0.0000000   0.000
0   7.568   0.926   0.000   0   0.0000000   0.000
0   7.568   0.926   0.000   0   0.0000000   0.000
0   7.568   0.926   0.000   0   0.0000000   0.000
0   7.568   0.926   0.000   0   0.0000000   0.000
0   7.568   0.926   0.000   0   0.0000000   0.000
0   7.568   0.926   0.000   0   0.0000000   0.000
0   7.568   0.926   0.000   0   0.0000000   0.000
0   7.568   0.926   0.000   0   0.0000000   0.000
0   7.568   0.926   0.000   0   0.0000000   0.000
0   7.568   0.926   0.000   0   0.0000000   0.000
0   7.568   0.926   0.000   0   0.0000000   0.000
0   7.568   0.926   0.000   0   0.0000000   0.000
0   7.568   0.926   0.000   0   0.0000000   0.000
0   7.568   0.926   0.000   0   0.0000000   0.000
0   7.568   0.926   0.000   0   0.0000000   0.000
0   7.568   0.926   0.000   0   0.0000000   0.000
0   7.568   0.926   0.000   0   0.0000000   0.000
0   7.568   0.926   0.000   0   0.0000000   0.000
0   7.568   0.926   0.000   0   0.0000000   0.000
0   7.568   0.926   0.000   0   0.0000000   0.000
0   7.568   0.926   0.000   0   0.0000000   0.000
0   7.568   0.926   0.000   0   0.0000000   0.000
0   7.568   0.926   0.000   0   0.0000000   0.000
0   7.568   0.926   0.000   0   0.0000000   0.000
0   7.568   0.926   0.000   0   0.0000000   0.000
0   7.568   0.926   0.000   0   0.0000000   0.000
0   7.568   0.926   0.000   0   0.0000000   0.000
0   7.568   0.926   0.000   0   0.0000000   0.000
0   7.568   0.926   0.000   0   0.0000000   0.000
0   7.568   0.926   0.000   0   0.0000000   0.000
0   7.568   0.926   0.000   0   0.0000000   0.000
0   7.568   0.926   0.000   0   0.0000000   0.000
0   7.568   0.926   0.000   0   0.0000000   0.000
0   7.568   0.926   0.000   0   0.0000000   0.000
0   7.568   0.926   0.000   0   0.0000000   0.000
0   7.568   0.926   0.000   0   0.0000000   0.000
0   7.568   0.926   0.000   0   0.0000000   0.000
0   7.568   0.926   0.000   0   0.0000000   0.000
0   7.568   0.926   0.000   0   0.0000000   0.000
0   7.568   0.926   0.000   0   0.0000000   0.000
0   7.568   0.926   0.000   0   0.0000000   0.000
0   7.568   0.926   0.000   0   0.0000000   0.000
0   7.568   0.926   0.000   0   0.0000000   0.000
0   7.568   0.926   0.000   0   0.0000000   0.000
0   7.568   0.926   0.000   0   0.0000000   0.000
0   7.568   0.926   0.000   0   0.0000000   0.000
0   7.568   0.926   0.000   0   0.0000000   0.000
0   7.568   0.926   0.000   0   0.0000000   0.000
0   7.568   0.926   0.000   0   0.0000000   0.000
0   7.568   0.926   0.000   0   0.0000000   0.000
0   7.568   0.926   0.000   0   0.0000000   0.000
0   7.568   0.926   0.000   0   0.0000000   0.000
0   7.568   0.926   0.000   0   0.0000000   0.000
0   7.568   0.926   0.000   0   0.0000000   0.000
0   7.568   0.926   0.000   0   0.0000000   0.000
0   7.568   0.926   0.000   0   0.0000000   0.000
0   7.568   0.926   0.000   0   0.0000000   0.000
0   7.568   0.926   0.000   0   0.0000000   0.000
0   7.568   0.926   0.000   0   0.0000000   0.000
0   7.568   0.926   0.000   0   0.0000000   0.000
0   7.568   0.926   0.000   0   0.0000000   0.000
0   7.568   0.926   0.000   0   0.0000000   0.000
0   7.568   0.926   0.000   0   0.0000000   0.000
0   7.568   0.926   0.000   0   0.0000000   0.000
0   7.568   0.926   0.000   0   0.0000000   0.000
0   7.568   0.926   0.000   0   0.0000000   0.000
0   7.568   0.926   0.000   0   0.0000000   0.000
0   7.568   0.926   0.000   0   0.0000000   0.000
0   7.568   0.926   0.000   0   0.0000000   0.000
0   7.568   0.926   0.000   0   0.0000000   0.000
0   7.568   0.926   0.000   0   0.0000000   0.000
0   7.568   0.926   0.000   0   0.0000000   0.000
0   7.568   0.926   0.000   0   0.0000000   0.000
0   7.568   0.926   0.000   0   0.0000000   0.000
0   7.568   0.926   0.000   0   0.0000000   0.000
0   7.568   0.926   0.000   0   0.0000000   0.000
0   7.568   0.926   0.000   0   0.0000000   0.000
0   7.568   0.926   0.000   0   0.0000000   0.000
0   7.568   0.926   0.000   0   0.0000000   0.000
0   7.568   0.926   0.000   0   0.0000000   0.000
0   7.568   0.926   0.000   0   0.0000000   0.000
0   7.568   0.926   0.000   0   0.0000000   0.000
0   7.568   0.926   0.000   0   0.0000000   0.000
0   7.568   0.926   0.000   0   0.0000000   0.000
0   7.568   0.926   0.000   0   0.0000000   0.000
0   7.568   0.926   0.000   0   0.0000000   0.000
0   7.568   0.926   0.000   0   0.0000000   0.000
0   7.568   0.926   0.000   0   0.0000000   0.000
0   7.568   0.926   0.000   0   0.0000000   0.000
0   7.568   0.926   0.000   0   0.0000000   0.000
0   7.568   0.926   0.000   0   0.0000000   0.000
0   7.568   0.926   0.000   0   0.0000000   0.000
0   7.568   0.926   0.000   0   0.0000000   0.000
0   7.568   0.926   0.000   0   0.0000000   0.000
0   7.568   0.926   0.000   0   0.0000000   0.000
0   7.568   0.926   0.000   0   0.0000000   0.000
0   7.568   0.926   0.000   0   0.0000000   0.000
0   7.568   0.926   0.000   0   0.0000000   0.000
0   7.568   0.926   0.000   0   0.0000000   0.000
0   7.568   0.926   0.000   0   0.0000000   0.000
0   7.568   0.926   0.000   0   0.0000000   0.000
0   7.568   0.926   0.000   0   0.0000000   0.000
0   7.568   0.926   0.000   0   0.0000000   0.000
0   7.568   0.926   0.000   0   0.0000000   0.000
0   7.568   0.926   0.000   0   0.0000000   0.000
0   7.568   0.926   0.000   0   0.0000000   0.000
0   7.568   0.926   0.000   0   0.0000000   0.000
0   7.568   0.926   0.000   0   0.0000000   0.000
0   7.568   0.926   0.000   0   0.0000000   0.000
0   7.568   0.926   0.000   0   0.0000000   0.000
0   7.568   0.926   0.000   0   0.0000000   0.000
0   7.568   0.926   0.000   0   0.0000000   0.000
0   7.568   0.926   0.000   0   0.0000000   0.000
0   7.568   0.926   0.000   0   0.0000000   0.000
0   7.568   0.926   0.000   0   0.0000000   0.000
0   7.568   0.926   0.000   0   0.0000000   0.000
0   7.568   0.926   0.000   0   0.0000000   0.000
0   7.568   0.926   0.000   0   0.0000000   0.000
0   7.568   0.926   0.000   0   0.0000000   0.000
0   7.568   0.926   0.000   0   0.0000000   0.000
0   7.568   0.926   0.000   0   0.0000000   0.000
0   7.568   0.926   0.000   0   0.0000000   0.000
0   7.568   0.926   0.000   0   0.0000000   0.000
0   7.568   0.926   0.000   0   0.0000000   0.000
0   7.568   0.926   0.000   0   0.0000000   0.000
0   7.568   0.926   0.000   0   0.0000000   0.000
0   7.568   0.926   0.000   0   0.0000000   0.000
0   7.568   0.926   0.000   0   0.0000000   0.000
0   7.568   0.926   0.000   0   0.0000000   0.000
0   7.568   0.926   0.000   0   0.0000000   0.000
0   7.568   0.926   0.000   0   0.0000000   0.000
0   7.568   0.926   0.000   0   0.0000000   0.000
0   7.568   0.926   0.000   0   0.0000000   0.000
0   7.568   0.926   0.000   0   0.0000000   0.000
0   7.568   0.926   0.000   0   0.0000000   0.000
0   7.568   0.926   0.000   0   0.0000000   0.000
0   7.568   0.926   0.000   0   0.0000000   0.000
0   7.568   0.926   0.000   0   0.0000000   0.000
0   7.568   0.926   0.000   0   0.0000000   0.000
0   7.568   0.926   0.000   0   0.0000000   0.000
0   7.568   0.926   0.000   0   0.0000000   0.000
0   7.568   0.926   0.000   0   0.0000000   0.000
0   7.568   0.926   0.000   0   0.0000000   0.000
0   7.568   0.926   0.000   0   0.0000000   0.000
0   7.568   0.926   0.000   0   0.0000000   0.000
0   7.568   0.926   0.000   0   0.0000000   0.000
0   7.568   0.926   0.000   0   0.0000000   0.000
0   7.568   0.926   0.000   0   0.0000000   0.000
0   7.568   0.926   0.000   0   0.0000000   0.000
0   7.568   0.926   0.000   0   0.0000000   0.000
0   7.568   0.926   0.000   0   0.0000000   0.000
0   7.568   0.926   0.000   0   0.0000000   0.000
0   7.568   0.926   0.000   0   0.0000000   0.000
0   7.568   0.926   0.000   0   0.0000000   0.000
0   7.568   0.926   0.000   0   0.0000000   0.000
0   7.568   0.926   0.000   0   0.0000000   0.000
0   7.568   0.926   0.000   0   0.0000000   0.000
0   7.568   0.926   0.000   0   0.0000000   0.000
0   7.568   0.926   0.000   0   0.0000000   0.000
0   7.568   0.926   0.000   0   0.0000000   0.000
0   7.568   0.926   0.000   0   0.0000000   0.000
0   7.568   0.926   0.000   0   0.0000000   0.000
0   7.568   0.926   0.000   0   0.0000000   0.000
0   7.568   0.926   0.000   0   0.0000000   0.000
0   7.568   0.926   0.000   0   0.0000000   0.000
0   7.568   0.926   0.000   0   0.0000000   0.000
0   7.568   0.926   0.000   0   0.0000000   0.000
0   7.568   0.926   0.000   0   0.0000000   0.000
0   7.568   0.926   0.000   0   0.0000000   0.000
0   7.568   0.926   0.000   0   0.0000000   0.000
0   7.568   0.926   0.000   0   0.0000000   0.000
0   7.568   0.926   0.000   0   0.0000000   0.000
0   7.568   0.926   0.000   0   0.0000000   0.000
0   7.568   0.926   0.000   0   0.0000000   0.000
0   7.568   0.926   0.000   0   0.0000000   0.000
0   7.568   0.926   0.000   0   0.0000000   0.000
0   7.568   0.926   0.000   0   0.0000000   0.000
0   7.568   0.926   0.000   0   0.0000000   0.000
0   7.568   0.926   0.000   0   0.0000000   0.000
0   7.568   0.926   0.000   0   0.0000000   0.000
0   7.568   0.926   0.000   0   0.0000000   0.000
0   7.568   0.926   0.000   0   0.0000000   0.000
0   7.568   0.926   0.000   0   0.0000000   0.000
0   7.568   0.926   0.000   0   0.0000000   0.000
0   7.568   0.926   0.000   0   0.0000000   0.000
0   7.568   0.926   0.000   0   0.0000000   0.000
0   7.568   0.926   0.000   0   0.0000000   0.000
0   7.568   0.926   0.000   0   0.0000000   0.000
0   7.568   0.926   0.000   0   0.0000000   0.000
0   7.568   0.926   0.000   0   0.0000000   0.000
0   7.568   0.926   0.000   0   0.0000000   0.000
0   7.568   0.926   0.000   0   0.0000000   0.000
0   7.568   0.926   0.000   0   0.0000000   0.000
0   7.568   0.926   0.000   0   0.0000000   0.000
0   7.568   0.926   0.000   0   0.0000000   0.000
0   7.568   0.926   0.000   0   0.0000000   0.000
0   7.568   0.926   0.000   0   0.0000000   0.000
0   7.568   0.926   0.000   0   0.0000000   0.000
0   7.568   0.926   0.000   0   0.0000000   0.000
0   7.568   0.926   0.000   0   0.0000000   0.000
0   7.568   0.926   0.000   0   0.0000000   0.000
0   7.568   0.926   0.000   0   0.0000000   0.000
0   7.568   0.926   0.000   0   0.0000000   0.000
0   7.568   0.926   0.000   0   0.0000000   0.000
0   7.568   0.926   0.000   0   0.0000000   0.000
0   7.568   0.926   0.000   0   0.0000000   0.000
0   7.568   0.926   0.000   0   0.0000000   0.000
0   7.568   0.926   0.000   0   0.0000000   0.000
0   7.568   0.926   0.000   0   0.0000000   0.000
0   7.568   0.926   0.000   0   0.0000000   0.000
0   7.568   0.926   0.000   0   0.0000000   0.000
0   7.568   0.926   0.000   0   0.0000000   0.000
0   7.568   0.926   0.000   0   0.0000000   0.000
0   7.568   0.926   0.000   0   0.0000000   0.000
0   7.568   0.926   0.000   0   0.0000000   0.000
0   7.568   0.926   0.000   0   0.0000000   0.000
0   7.568   0.926   0.000   0   0.0000000   0.000
0   7.568   0.926   0.000   0   0.0000000   0.000
0   7.568   0.926   0.000   0   0.0000000   0.000
0   7.568   0.926   0.000   0   0.0000000   0.000
0   7.568   0.926   0.000   0   0.0000000   0.000
0   7.568   0.926   0.000   0   0.0000000   0.000
0   7.568   0.926   0.000   0   0.0000000   0.000
0   7.568   0.926   0.000   0   0.0000000   0.000
0   7.568   0.926   0.000   0   0.0000000   0.000
0   7.568   0.926   0.000   0   0.0000000   0.000
0   7.568   0.926   0.000   0   0.0000000   0.000
0   7.568   0.926   0.000   0   0.0000000   0.000
0   7.568   0.926   0.000   0   0.0000000   0.000
0   7.568   0.926   0.000   0   0.0000000   0.000
0   7.568   0.926   0.000   0   0.0000000   0.000
0   7.568   0.926   0.000   0   0.0000000   0.000
0   7.568   0.926   0.000   0   0.0000000   0.000
0   7.568   0.926   0.000   0   0.0000000   0.000
0   7.568   0.926   0.000   0   0.0000000   0.000
0   7.568   0.926   0.000   0   0.0000000   0.000
0   7.568   0.926   0.000   0   0.0000000   0.000
0   7.568   0.926   0.000   0   0.0000000   0.000
0   7.568   0.926   0.000   0   0.0000000   0.000
0   7.568   0.926   0.000   0   0.0000000   0.000
0   7.568   0.926   0.000   0   0.0000000   0.000
0   7.568   0.926   0.000   0   0.0000000   0.000
0   7.568   0.926   0.000   0   0.0000000   0.000
0   7.568   0.926   0.000   0   0.0000000   0.000
0   7.568   0.926   0.000   0   0.0000000   0.000
0   7.568   0.926   0.000   0   0.0000000   0.000
0   7.568   0.926   0.000   0   0.0000000   0.000
0   7.568   0.926   0.000   0   0.0000000   0.000
0   7.568   0.926   0.000   0   0.0000000   0.000
0   7.568   0.926   0.000   0   0.0000000   0.000
0   7.568   0.926   0.000   0   0.0000000   0.000
0   7.568   0.926   0.000   0   0.0000000   0.000
0   7.568   0.926   0.000   0   0.0000000   0.000
0   7.568   0.926   0.000   0   0.0000000   0.000
0   7.568   0.926   0.000   0   0.0000000   0.000
0   7.568   0.926   0.000   0   0.0000000   0.000
0   7.568   0.926   0.000   0   0.0000000   0.000
0   7.568   0.926   0.000   0   0.0000000   0.000
0   7.568   0.926   0.000   0   0.0000000   0.000
0   7.568   0.926   0.000   0   0.0000000   0.000
0   7.568   0.926   0.000   0   0.0000000   0.000
0   7.568   0.926   0.000   0   0.0000000   0.000
0   7.568   0.926   0.000   0   0.0000000   0.000
0   7.568   0.926   0.000   0   0.0000000   0.000
0   7.568   0.926   0.000   0   0.0000000   0.000
0   7.568   0.926   0.000   0   0.0000000   0.000
0   7.568   0.926   0.000   0   0.0000000   0.000
0   7.568   0.926   0.000   0   0.0000000   0.000
0   7.568   0.926   0.000   0   0.0000000   0.000
