0   8.881   -0.610   0.000   0   0.0000000   0.500
0   8.950   -0.628   0.000   0   0.0000000   1.000
0   9.064   -0.666   0.000   0   0.0000000   1.500
0   9.220   -0.736   0.000   0   0.0000000   2.000
0   9.408   -0.852   0.000   0   0.0000000   2.500
0   9.618   -1.023   0.000   0   0.0000000   3.000
0   9.826   -1.238   0.000   0   0.0000000   3.000
0   10.012   -1.474   0.000   0   0.0000000   3.000
0   10.179   -1.723   0.000   0   0.0000000   3.000
0   10.332   -1.981   0.000   0   0.0000000   3.000
0   10.476   -2.244   0.000   0   0.0000000   3.000
0   10.617   -2.509   0.000   0   0.0000000   3.000
0   10.757   -2.774   0.000   0   0.0000000   3.000
0   10.898   -3.039   0.000   0   0.0000000   3.000
0   11.040   -3.303   0.000   0   0.0000000   3.000
0   11.183   -3.567   0.000   0   0.0000000   3.000
0   11.328   -3.829   0.000   0   0.0000000   3.000
0   11.474   -4.091   0.000   0   0.0000000   3.000
0   11.621   -4.353   0.000   0   0.0000000   3.000
0   11.767   -4.615   0.000   0   0.0000000   3.000
0   11.914   -4.876   0.000   0   0.0000000   3.000
0   12.061   -5.138   0.000   0   0.0000000   3.000
0   12.208   -5.400   0.000   0   0.0000000   3.000
0   12.355   -5.661   0.000   0   0.0000000   3.000
0   12.502   -5.923   0.000   0   0.0000000   3.000
0   12.648   -6.185   0.000   0   0.0000000   3.000
0   12.795   -6.446   0.000   0   0.0000000   3.000
0   12.942   -6.708   0.000   0   0.0000000   3.000
0   13.088   -6.970   0.000   0   0.0000000   3.000
0   13.238   -7.229   0.000   0   0.0000000   3.000
0   13.401   -7.482   0.000   0   0.0000000   3.000
0   13.586   -7.718   0.000   0   0.0000000   3.000
0   13.800   -7.927   0.000   0   0.0000000   3.000
0   14.040   -8.107   0.000   0   0.0000000   3.000
0   14.299   -8.258   0.000   0   0.0000000   3.000
0   14.569   -8.388   0.000   0   0.0000000   3.000
0   14.846   -8.505   0.000   0   0.0000000   3.000
0   15.125   -8.615   0.000   0   0.0000000   3.000
0   15.405   -8.723   0.000   0   0.0000000   3.000
0   15.684   -8.831   0.000   0   0.0000000   3.000
0   15.964   -8.942   0.000   0   0.0000000   3.000
0   16.242   -9.054   0.000   0   0.0000000   3.000
0   16.520   -9.166   0.000   0   0.0000000   3.000
0   16.802   -9.269   0.000   0   0.0000000   3.000
0   17.090   -9.350   0.000   0   0.0000000   3.000
0   17.387   -9.394   0.000   0   0.0000000   3.000
0   17.686   -9.386   0.000   0   0.0000000   3.000
0   17.979   -9.323   0.000   0   0.0000000   3.000
0   18.253   -9.202   0.000   0   0.0000000   3.000
0   18.496   -9.027   0.000   0   0.0000000   3.000
0   18.700   -8.807   0.000   0   0.0000000   3.000
0   18.862   -8.555   0.000   0   0.0000000   3.000
0   18.989   -8.283   0.000   0   0.0000000   3.000
0   19.092   -8.002   0.000   0   0.0000000   3.000
0   19.183   -7.716   0.000   0   0.0000000   3.000
0   19.269   -7.429   0.000   0   0.0000000   3.000
0   19.356   -7.141   0.000   0   0.0000000   3.000
0   19.445   -6.855   0.000   0   0.0000000   3.000
0   19.538   -6.570   0.000   0   0.0000000   3.000
0   19.635   -6.286   0.000   0   0.0000000   3.000
0   19.732   -6.002   0.000   0   0.0000000   3.000
0   19.827   -5.717   0.000   0   0.0000000   3.000
0   19.906   -5.428   0.000   0   0.0000000   3.000
0   19.964   -5.134   0.000   0   0.0000000   3.000
0   19.999   -4.836   0.000   0   0.0000000   3.000
0   20.017   -4.537   0.000   0   0.0000000   3.000
0   20.022   -4.237   0.000   0   0.0000000   3.000
0   20.020   -3.937   0.000   0   0.0000000   3.000
0   20.016   -3.637   0.000   0   0.0000000   3.000
0   20.010   -3.337   0.000   0   0.0000000   3.000
0   20.006   -3.037   0.000   0   0.0000000   3.000
0   20.002   -2.737   0.000   0   0.0000000   3.000
0   19.999   -2.437   0.000   0   0.0000000   3.000
0   19.988   -2.137   0.000   0   0.0000000   3.000
0   19.955   -1.839   0.000   0   0.0000000   3.000
0   19.885   -1.547   0.000   0   0.0000000   3.000
0   19.776   -1.268   0.000   0   0.0000000   3.000
0   19.632   -1.005   0.000   0   0.0000000   3.000
0   19.462   -0.758   0.000   0   0.0000000   3.000
0   19.276   -0.523   0.000   0   0.0000000   3.000
0   19.080   -0.295   0.000   0   0.0000000   3.000
0   18.880   -0.072   0.000   0   0.0000000   3.000
0   18.679   0.150   0.000   0   0.0000000   3.000
0   18.478   0.373   0.000   0   0.0000000   3.000
0   18.278   0.597   0.000   0   0.0000000   3.000
0   18.080   0.823   0.000   0   0.0000000   3.000
0   17.884   1.049   0.000   0   0.0000000   3.000
0   17.689   1.277   0.000   0   0.0000000   3.000
0   17.495   1.506   0.000   0   0.0000000   3.000
0   17.301   1.735   0.000   0   0.0000000   3.000
0   17.108   1.964   0.000   0   0.0000000   3.000
0   16.914   2.194   0.000   0   0.0000000   3.000
0   16.721   2.423   0.000   0   0.0000000   3.000
0   16.527   2.653   0.000   0   0.0000000   3.000
0   16.334   2.882   0.000   0   0.0000000   3.000
0   16.140   3.111   0.000   0   0.0000000   3.000
0   15.947   3.340   0.000   0   0.0000000   3.000
0   15.753   3.569   0.000   0   0.0000000   3.000
0   15.559   3.798   0.000   0   0.0000000   3.000
0   15.365   4.027   0.000   0   0.0000000   3.000
0   15.172   4.256   0.000   0   0.0000000   3.000
0   14.978   4.485   0.000   0   0.0000000   3.000
0   14.784   4.714   0.000   0   0.0000000   3.000
0   14.590   4.943   0.000   0   0.0000000   3.000
0   14.394   5.170   0.000   0   0.0000000   3.000
0   14.189   5.389   0.000   0   0.0000000   3.000
0   13.967   5.590   0.000   0   0.0000000   3.000
0   13.721   5.762   0.000   0   0.0000000   3.000
0   13.471   5.885   0.000   0   0.0000000   2.500
0   13.253   5.957   0.000   0   0.0000000   2.000
0   13.079   5.997   0.000   0   0.0000000   1.500
0   12.951   6.018   0.000   0   0.0000000   1.000
0   12.873   6.027   0.000   0   0.0000000   0.500
0   12.823   6.032   0.000   0   0.0000000   0.500
0   12.773   6.036   0.000   0   0.0000000   0.500
0   12.773   6.036   0.000   0   0.0000000   0.500
0   12.773   6.036   0.000   0   0.0000000   0.500
0   12.773   6.036   0.000   0   0.0000000   0.500
0   12.773   6.036   0.000   0   0.0000000   0.500
0   12.773   6.036   0.000   0   0.0000000   0.500
0   12.773   6.036   0.000   0   0.0000000   0.500
0   12.773   6.036   0.000   0   0.0000000   0.500
0   12.773   6.036   0.000   0   0.0000000   0.500
0   12.773   6.036   0.000   0   0.0000000   0.500
0   12.773   6.036   0.000   0   0.0000000   0.500
0   12.773   6.036   0.000   0   0.0000000   0.500
0   12.773   6.036   0.000   0   0.0000000   0.500
0   12.773   6.036   0.000   0   0.0000000   0.500
0   12.773   6.036   0.000   0   0.0000000   0.500
0   12.773   6.036   0.000   0   0.0000000   0.500
0   12.773   6.036   0.000   0   0.0000000   0.500
0   12.773   6.036   0.000   0   0.0000000   0.500
0   12.773   6.036   0.000   0   0.0000000   0.500
0   12.773   6.036   0.000   0   0.0000000   0.500
0   12.773   6.036   0.000   0   0.0000000   0.500
0   12.773   6.036   0.000   0   0.0000000   0.500
0   12.773   6.036   0.000   0   0.0000000   0.500
0   12.773   6.036   0.000   0   0.0000000   0.500
0   12.773   6.036   0.000   0   0.0000000   0.500
0   12.773   6.036   0.000   0   0.0000000   0.500
0   12.773   6.036   0.000   0   0.0000000   0.500
0   12.773   6.036   0.000   0   0.0000000   0.500
0   12.773   6.036   0.000   0   0.0000000   0.500
0   12.773   6.036   0.000   0   0.0000000   0.500
0   12.773   6.036   0.000   0   0.0000000   0.500
0   12.773   6.036   0.000   0   0.0000000   0.500
0   12.773   6.036   0.000   0   0.0000000   0.500
0   12.773   6.036   0.000   0   0.0000000   0.500
0   12.773   6.036   0.000   0   0.0000000   0.500
0   12.773   6.036   0.000   0   0.0000000   0.500
0   12.773   6.036   0.000   0   0.0000000   0.500
0   12.773   6.036   0.000   0   0.0000000   0.500
0   12.773   6.036   0.000   0   0.0000000   0.500
0   12.773   6.036   0.000   0   0.0000000   0.500
0   12.773   6.036   0.000   0   0.0000000   0.500
0   12.773   6.036   0.000   0   0.0000000   0.500
0   12.773   6.036   0.000   0   0.0000000   0.500
0   12.773   6.036   0.000   0   0.0000000   0.500
0   12.773   6.036   0.000   0   0.0000000   0.500
0   12.773   6.036   0.000   0   0.0000000   0.500
0   12.773   6.036   0.000   0   0.0000000   0.500
0   12.773   6.036   0.000   0   0.0000000   0.500
0   12.773   6.036   0.000   0   0.0000000   0.500
0   12.773   6.036   0.000   0   0.0000000   0.500
0   12.773   6.036   0.000   0   0.0000000   0.500
0   12.773   6.036   0.000   0   0.0000000   0.500
0   12.773   6.036   0.000   0   0.0000000   0.500
0   12.773   6.036   0.000   0   0.0000000   0.500
0   12.773   6.036   0.000   0   0.0000000   0.500
0   12.773   6.036   0.000   0   0.0000000   0.500
0   12.773   6.036   0.000   0   0.0000000   0.500
0   12.773   6.036   0.000   0   0.0000000   0.500
0   12.773   6.036   0.000   0   0.0000000   0.500
0   12.773   6.036   0.000   0   0.0000000   0.500
0   12.773   6.036   0.000   0   0.0000000   0.500
0   12.773   6.036   0.000   0   0.0000000   0.500
0   12.773   6.036   0.000   0   0.0000000   0.500
0   12.773   6.036   0.000   0   0.0000000   0.500
0   12.773   6.036   0.000   0   0.0000000   0.500
0   12.773   6.036   0.000   0   0.0000000   0.500
0   12.773   6.036   0.000   0   0.0000000   0.500
0   12.773   6.036   0.000   0   0.0000000   0.500
0   12.773   6.036   0.000   0   0.0000000   0.500
0   12.773   6.036   0.000   0   0.0000000   0.500
0   12.773   6.036   0.000   0   0.0000000   0.500
0   12.773   6.036   0.000   0   0.0000000   0.500
0   12.773   6.036   0.000   0   0.0000000   0.500
0   12.773   6.036   0.000   0   0.0000000   0.500
0   12.773   6.036   0.000   0   0.0000000   0.500
0   12.773   6.036   0.000   0   0.0000000   0.500
0   12.773   6.036   0.000   0   0.0000000   0.500
0   12.773   6.036   0.000   0   0.0000000   0.500
0   12.773   6.036   0.000   0   0.0000000   0.500
0   12.773   6.036   0.000   0   0.0000000   0.500
0   12.773   6.036   0.000   0   0.0000000   0.500
0   12.773   6.036   0.000   0   0.0000000   0.500
0   12.773   6.036   0.000   0   0.0000000   0.500
0   12.773   6.036   0.000   0   0.0000000   0.500
0   12.773   6.036   0.000   0   0.0000000   0.500
0   12.773   6.036   0.000   0   0.0000000   0.500
0   12.773   6.036   0.000   0   0.0000000   0.500
0   12.773   6.036   0.000   0   0.0000000   0.500
0   12.773   6.036   0.000   0   0.0000000   0.500
0   12.773   6.036   0.000   0   0.0000000   0.500
0   12.773   6.036   0.000   0   0.0000000   0.500
0   12.773   6.036   0.000   0   0.0000000   0.500
0   12.773   6.036   0.000   0   0.0000000   0.500
0   12.773   6.036   0.000   0   0.0000000   0.500
0   12.773   6.036   0.000   0   0.0000000   0.500
0   12.773   6.036   0.000   0   0.0000000   0.500
0   12.773   6.036   0.000   0   0.0000000   0.500
0   12.773   6.036   0.000   0   0.0000000   0.500
0   12.773   6.036   0.000   0   0.0000000   0.500
0   12.773   6.036   0.000   0   0.0000000   0.500
0   12.773   6.036   0.000   0   0.0000000   0.500
0   12.773   6.036   0.000   0   0.0000000   0.500
0   12.773   6.036   0.000   0   0.0000000   0.500
0   12.773   6.036   0.000   0   0.0000000   0.500
0   12.773   6.036   0.000   0   0.0000000   0.500
0   12.773   6.036   0.000   0   0.0000000   0.500
0   12.773   6.036   0.000   0   0.0000000   0.500
0   12.773   6.036   0.000   0   0.0000000   0.500
0   12.773   6.036   0.000   0   0.0000000   0.500
0   12.773   6.036   0.000   0   0.0000000   0.500
0   12.773   6.036   0.000   0   0.0000000   0.500
0   12.773   6.036   0.000   0   0.0000000   0.500
0   12.773   6.036   0.000   0   0.0000000   0.500
0   12.773   6.036   0.000   0   0.0000000   0.500
0   12.773   6.036   0.000   0   0.0000000   0.500
0   12.773   6.036   0.000   0   0.0000000   0.500
0   12.773   6.036   0.000   0   0.0000000   0.500
0   12.773   6.036   0.000   0   0.0000000   0.500
0   12.773   6.036   0.000   0   0.0000000   0.500
0   12.773   6.036   0.000   0   0.0000000   0.500
0   12.773   6.036   0.000   0   0.0000000   0.500
0   12.773   6.036   0.000   0   0.0000000   0.500
0   12.773   6.036   0.000   0   0.0000000   0.500
0   12.773   6.036   0.000   0   0.0000000   0.500
0   12.773   6.036   0.000   0   0.0000000   0.500
0   12.773   6.036   0.000   0   0.0000000   0.500
0   12.773   6.036   0.000   0   0.0000000   0.500
0   12.773   6.036   0.000   0   0.0000000   0.500
0   12.773   6.036   0.000   0   0.0000000   0.500
0   12.773   6.036   0.000   0   0.0000000   0.500
0   12.773   6.036   0.000   0   0.0000000   0.500
0   12.773   6.036   0.000   0   0.0000000   0.500
0   12.773   6.036   0.000   0   0.0000000   0.500
0   12.773   6.036   0.000   0   0.0000000   0.500
0   12.773   6.036   0.000   0   0.0000000   0.500
0   12.773   6.036   0.000   0   0.0000000   0.500
0   12.773   6.036   0.000   0   0.0000000   0.500
0   12.773   6.036   0.000   0   0.0000000   0.500
0   12.773   6.036   0.000   0   0.0000000   0.500
0   12.773   6.036   0.000   0   0.0000000   0.500
