0   8.956   -0.553   0.000   0   0.0000000   0.000
0   8.956   -0.553   0.000   0   0.0000000   0.000
0   8.956   -0.553   0.000   0   0.0000000   0.000
0   8.956   -0.553   0.000   0   0.0000000   0.000
0   8.956   -0.553   0.000   0   0.0000000   0.000
0   8.956   -0.553   0.000   0   0.0000000   0.000
0   8.956   -0.553   0.000   0   0.0000000   0.000
0   8.956   -0.553   0.000   0   0.0000000   0.000
0   8.956   -0.553   0.000   0   0.0000000   0.000
0   8.956   -0.553   0.000   0   0.0000000   0.000
0   8.956   -0.553   0.000   0   0.0000000   0.000
0   8.956   -0.553   0.000   0   0.0000000   0.000
0   8.956   -0.553   0.000   0   0.0000000   0.000
0   8.956   -0.553   0.000   0   0.0000000   0.000
0   8.956   -0.553   0.000   0   0.0000000   0.000
0   8.956   -0.553   0.000   0   0.0000000   0.000
0   8.956   -0.553   0.000   0   0.0000000   0.000
0   8.956   -0.553   0.000   0   0.0000000   0.000
0   8.956   -0.553   0.000   0   0.0000000   0.000
0   8.956   -0.553   0.000   0   0.0000000   0.000
0   8.956   -0.553   0.000   0   0.0000000   0.000
0   8.956   -0.553   0.000   0   0.0000000   0.000
0   8.956   -0.553   0.000   0   0.0000000   0.000
0   8.956   -0.553   0.000   0   0.0000000   0.000
0   8.956   -0.553   0.000   0   0.0000000   0.000
0   8.956   -0.553   0.000   0   0.0000000   0.000
0   8.956   -0.553   0.000   0   0.0000000   0.000
0   8.956   -0.553   0.000   0   0.0000000   0.000
0   8.956   -0.553   0.000   0   0.0000000   0.000
0   8.956   -0.553   0.000   0   0.0000000   0.000
0   8.956   -0.553   0.000   0   0.0000000   0.000
0   8.956   -0.553   0.000   0   0.0000000   0.000
0   8.956   -0.553   0.000   0   0.0000000   0.000
0   8.956   -0.553   0.000   0   0.0000000   0.000
0   8.956   -0.553   0.000   0   0.0000000   0.000
0   8.956   -0.553   0.000   0   0.0000000   0.000
0   8.956   -0.553   0.000   0   0.0000000   0.000
0   8.956   -0.553   0.000   0   0.0000000   0.000
0   8.956   -0.553   0.000   0   0.0000000   0.000
0   8.956   -0.553   0.000   0   0.0000000   0.000
0   8.956   -0.553   0.000   0   0.0000000   0.000
0   8.956   -0.553   0.000   0   0.0000000   0.000
0   8.956   -0.553   0.000   0   0.0000000   0.000
0   8.956   -0.553   0.000   0   0.0000000   0.000
0   8.956   -0.553   0.000   0   0.0000000   0.000
0   8.956   -0.553   0.000   0   0.0000000   0.000
0   8.956   -0.553   0.000   0   0.0000000   0.000
0   8.956   -0.553   0.000   0   0.0000000   0.000
0   8.956   -0.553   0.000   0   0.0000000   0.000
0   8.956   -0.553   0.000   0   0.0000000   0.000
0   8.956   -0.553   0.000   0   0.0000000   0.000
0   8.956   -0.553   0.000   0   0.0000000   0.000
0   8.956   -0.553   0.000   0   0.0000000   0.000
0   8.956   -0.553   0.000   0   0.0000000   0.000
0   8.956   -0.553   0.000   0   0.0000000   0.000
0   8.956   -0.553   0.000   0   0.0000000   0.000
0   8.956   -0.553   0.000   0   0.0000000   0.000
0   8.956   -0.553   0.000   0   0.0000000   0.000
0   8.956   -0.553   0.000   0   0.0000000   0.000
0   8.956   -0.553   0.000   0   0.0000000   0.000
0   8.956   -0.553   0.000   0   0.0000000   0.000
0   8.956   -0.553   0.000   0   0.0000000   0.000
0   8.956   -0.553   0.000   0   0.0000000   0.000
0   8.956   -0.553   0.000   0   0.0000000   0.000
0   8.956   -0.553   0.000   0   0.0000000   0.000
0   8.956   -0.553   0.000   0   0.0000000   0.000
0   8.956   -0.553   0.000   0   0.0000000   0.000
0   8.956   -0.553   0.000   0   0.0000000   0.000
0   8.956   -0.553   0.000   0   0.0000000   0.000
0   8.956   -0.553   0.000   0   0.0000000   0.000
0   8.956   -0.553   0.000   0   0.0000000   0.000
0   8.956   -0.553   0.000   0   0.0000000   0.000
0   8.956   -0.553   0.000   0   0.0000000   0.000
0   8.956   -0.553   0.000   0   0.0000000   0.000
0   8.956   -0.553   0.000   0   0.0000000   0.000
0   8.956   -0.553   0.000   0   0.0000000   0.000
0   8.956   -0.553   0.000   0   0.0000000   0.000
0   8.956   -0.553   0.000   0   0.0000000   0.000
0   8.956   -0.553   0.000   0   0.0000000   0.000
0   8.956   -0.553   0.000   0   0.0000000   0.000
0   8.956   -0.553   0.000   0   0.0000000   0.000
0   8.956   -0.553   0.000   0   0.0000000   0.000
0   8.956   -0.553   0.000   0   0.0000000   0.000
0   8.956   -0.553   0.000   0   0.0000000   0.000
0   8.956   -0.553   0.000   0   0.0000000   0.000
0   8.956   -0.553   0.000   0   0.0000000   0.000
0   8.956   -0.553   0.000   0   0.0000000   0.000
0   8.956   -0.553   0.000   0   0.0000000   0.000
0   8.956   -0.553   0.000   0   0.0000000   0.000
0   8.956   -0.553   0.000   0   0.0000000   0.000
0   8.956   -0.553   0.000   0   0.0000000   0.000
0   8.956   -0.553   0.000   0   0.0000000   0.000
0   8.956   -0.553   0.000   0   0.0000000   0.000
0   8.956   -0.553   0.000   0   0.0000000   0.000
0   8.956   -0.553   0.000   0   0.0000000   0.000
0   8.956   -0.553   0.000   0   0.0000000   0.000
0   8.976   -0.558   0.000   0   0.0000000   0.500
0   9.044   -0.577   0.000   0   0.0000000   1.000
0   9.159   -0.617   0.000   0   0.0000000   1.500
0   9.313   -0.689   0.000   0   0.0000000   2.000
0   9.498   -0.809   0.000   0   0.0000000   2.500
0   9.700   -0.989   0.000   0   0.0000000   3.000
0   9.894   -1.218   0.000   0   0.0000000   3.000
0   10.061   -1.467   0.000   0   0.0000000   3.000
0   10.210   -1.727   0.000   0   0.0000000   3.000
0   10.350   -1.993   0.000   0   0.0000000   3.000
0   10.486   -2.260   0.000   0   0.0000000   3.000
0   10.622   -2.527   0.000   0   0.0000000   3.000
0   10.761   -2.794   0.000   0   0.0000000   3.000
0   10.902   -3.058   0.000   0   0.0000000   3.000
0   11.045   -3.322   0.000   0   0.0000000   3.000
0   11.190   -3.585   0.000   0   0.0000000   3.000
0   11.336   -3.847   0.000   0   0.0000000   3.000
0   11.483   -4.108   0.000   0   0.0000000   3.000
0   11.630   -4.370   0.000   0   0.0000000   3.000
0   11.777   -4.631   0.000   0   0.0000000   3.000
0   11.924   -4.893   0.000   0   0.0000000   3.000
0   12.071   -5.154   0.000   0   0.0000000   3.000
0   12.218   -5.416   0.000   0   0.0000000   3.000
0   12.365   -5.677   0.000   0   0.0000000   3.000
0   12.511   -5.939   0.000   0   0.0000000   3.000
0   12.658   -6.201   0.000   0   0.0000000   3.000
0   12.804   -6.463   0.000   0   0.0000000   3.000
0   12.951   -6.725   0.000   0   0.0000000   3.000
0   13.097   -6.986   0.000   0   0.0000000   3.000
0   13.248   -7.246   0.000   0   0.0000000   3.000
0   13.411   -7.498   0.000   0   0.0000000   3.000
0   13.597   -7.733   0.000   0   0.0000000   3.000
0   13.813   -7.941   0.000   0   0.0000000   3.000
0   14.055   -8.118   0.000   0   0.0000000   3.000
0   14.315   -8.267   0.000   0   0.0000000   3.000
0   14.586   -8.395   0.000   0   0.0000000   3.000
0   14.863   -8.510   0.000   0   0.0000000   3.000
0   15.142   -8.620   0.000   0   0.0000000   3.000
0   15.422   -8.728   0.000   0   0.0000000   3.000
0   15.702   -8.836   0.000   0   0.0000000   3.000
0   15.981   -8.947   0.000   0   0.0000000   3.000
0   16.259   -9.060   0.000   0   0.0000000   3.000
0   16.537   -9.172   0.000   0   0.0000000   3.000
0   16.818   -9.276   0.000   0   0.0000000   3.000
0   17.108   -9.355   0.000   0   0.0000000   3.000
0   17.405   -9.394   0.000   0   0.0000000   3.000
0   17.704   -9.383   0.000   0   0.0000000   3.000
0   17.996   -9.316   0.000   0   0.0000000   3.000
0   18.269   -9.192   0.000   0   0.0000000   3.000
0   18.510   -9.014   0.000   0   0.0000000   3.000
0   18.710   -8.792   0.000   0   0.0000000   3.000
0   18.871   -8.539   0.000   0   0.0000000   3.000
0   18.999   -8.268   0.000   0   0.0000000   3.000
0   19.104   -7.987   0.000   0   0.0000000   3.000
0   19.194   -7.701   0.000   0   0.0000000   3.000
0   19.278   -7.413   0.000   0   0.0000000   3.000
0   19.363   -7.125   0.000   0   0.0000000   3.000
0   19.452   -6.838   0.000   0   0.0000000   3.000
0   19.544   -6.553   0.000   0   0.0000000   3.000
0   19.640   -6.269   0.000   0   0.0000000   3.000
0   19.737   -5.985   0.000   0   0.0000000   3.000
0   19.829   -5.699   0.000   0   0.0000000   3.000
0   19.905   -5.409   0.000   0   0.0000000   3.000
0   19.961   -5.114   0.000   0   0.0000000   3.000
0   19.996   -4.817   0.000   0   0.0000000   3.000
0   20.016   -4.517   0.000   0   0.0000000   3.000
0   20.023   -4.217   0.000   0   0.0000000   3.000
0   20.023   -3.917   0.000   0   0.0000000   3.000
0   20.019   -3.617   0.000   0   0.0000000   3.000
0   20.014   -3.317   0.000   0   0.0000000   3.000
0   20.009   -3.017   0.000   0   0.0000000   3.000
0   20.005   -2.717   0.000   0   0.0000000   3.000
0   20.000   -2.418   0.000   0   0.0000000   3.000
0   19.984   -2.118   0.000   0   0.0000000   3.000
0   19.947   -1.820   0.000   0   0.0000000   3.000
0   19.877   -1.529   0.000   0   0.0000000   3.000
0   19.775   -1.247   0.000   0   0.0000000   3.000
0   19.645   -0.977   0.000   0   0.0000000   3.000
0   19.497   -0.716   0.000   0   0.0000000   3.000
0   19.336   -0.463   0.000   0   0.0000000   3.000
0   19.169   -0.213   0.000   0   0.0000000   3.000
0   18.999   0.034   0.000   0   0.0000000   3.000
0   18.830   0.281   0.000   0   0.0000000   3.000
0   18.661   0.529   0.000   0   0.0000000   3.000
0   18.493   0.778   0.000   0   0.0000000   3.000
0   18.328   1.028   0.000   0   0.0000000   3.000
0   18.163   1.279   0.000   0   0.0000000   3.000
0   17.999   1.531   0.000   0   0.0000000   3.000
0   17.836   1.783   0.000   0   0.0000000   3.000
0   17.674   2.035   0.000   0   0.0000000   3.000
0   17.511   2.287   0.000   0   0.0000000   3.000
0   17.349   2.539   0.000   0   0.0000000   3.000
0   17.186   2.791   0.000   0   0.0000000   3.000
0   17.023   3.043   0.000   0   0.0000000   3.000
0   16.860   3.295   0.000   0   0.0000000   3.000
0   16.698   3.547   0.000   0   0.0000000   3.000
0   16.535   3.799   0.000   0   0.0000000   3.000
0   16.372   4.051   0.000   0   0.0000000   3.000
0   16.209   4.303   0.000   0   0.0000000   3.000
0   16.046   4.555   0.000   0   0.0000000   3.000
0   15.883   4.806   0.000   0   0.0000000   3.000
0   15.720   5.058   0.000   0   0.0000000   3.000
0   15.557   5.310   0.000   0   0.0000000   3.000
0   15.394   5.562   0.000   0   0.0000000   3.000
0   15.231   5.814   0.000   0   0.0000000   3.000
0   15.068   6.066   0.000   0   0.0000000   3.000
0   14.905   6.318   0.000   0   0.0000000   3.000
0   14.742   6.569   0.000   0   0.0000000   3.000
0   14.578   6.821   0.000   0   0.0000000   3.000
0   14.411   7.070   0.000   0   0.0000000   3.000
0   14.231   7.310   0.000   0   0.0000000   3.000
0   14.028   7.530   0.000   0   0.0000000   3.000
0   13.796   7.721   0.000   0   0.0000000   3.000
0   13.555   7.860   0.000   0   0.0000000   2.500
0   13.341   7.943   0.000   0   0.0000000   2.000
0   13.168   7.989   0.000   0   0.0000000   1.500
0   13.041   8.013   0.000   0   0.0000000   1.000
0   12.963   8.025   0.000   0   0.0000000   0.500
0   12.914   8.031   0.000   0   0.0000000   0.500
0   12.864   8.037   0.000   0   0.0000000   0.500
0   12.864   8.037   0.000   0   0.0000000   0.500
0   12.864   8.037   0.000   0   0.0000000   0.500
0   12.864   8.037   0.000   0   0.0000000   0.500
0   12.864   8.037   0.000   0   0.0000000   0.500
0   12.864   8.037   0.000   0   0.0000000   0.500
0   12.864   8.037   0.000   0   0.0000000   0.500
0   12.864   8.037   0.000   0   0.0000000   0.500
0   12.864   8.037   0.000   0   0.0000000   0.500
0   12.864   8.037   0.000   0   0.0000000   0.500
0   12.864   8.037   0.000   0   0.0000000   0.500
0   12.864   8.037   0.000   0   0.0000000   0.500
0   12.864   8.037   0.000   0   0.0000000   0.500
0   12.864   8.037   0.000   0   0.0000000   0.500
0   12.864   8.037   0.000   0   0.0000000   0.500
0   12.864   8.037   0.000   0   0.0000000   0.500
0   12.864   8.037   0.000   0   0.0000000   0.500
0   12.864   8.037   0.000   0   0.0000000   0.500
0   12.864   8.037   0.000   0   0.0000000   0.500
0   12.864   8.037   0.000   0   0.0000000   0.500
0   12.864   8.037   0.000   0   0.0000000   0.500
0   12.864   8.037   0.000   0   0.0000000   0.500
0   12.864   8.037   0.000   0   0.0000000   0.500
0   12.864   8.037   0.000   0   0.0000000   0.500
0   12.864   8.037   0.000   0   0.0000000   0.500
0   12.864   8.037   0.000   0   0.0000000   0.500
0   12.864   8.037   0.000   0   0.0000000   0.500
0   12.864   8.037   0.000   0   0.0000000   0.500
0   12.864   8.037   0.000   0   0.0000000   0.500
0   12.864   8.037   0.000   0   0.0000000   0.500
0   12.864   8.037   0.000   0   0.0000000   0.500
0   12.864   8.037   0.000   0   0.0000000   0.500
0   12.864   8.037   0.000   0   0.0000000   0.500
0   12.864   8.037   0.000   0   0.0000000   0.500
0   12.864   8.037   0.000   0   0.0000000   0.500
0   12.864   8.037   0.000   0   0.0000000   0.500
0   12.864   8.037   0.000   0   0.0000000   0.500
0   12.864   8.037   0.000   0   0.0000000   0.500
0   12.864   8.037   0.000   0   0.0000000   0.500
0   12.864   8.037   0.000   0   0.0000000   0.500
0   12.864   8.037   0.000   0   0.0000000   0.500
0   12.864   8.037   0.000   0   0.0000000   0.500
0   12.864   8.037   0.000   0   0.0000000   0.500
0   12.864   8.037   0.000   0   0.0000000   0.500
0   12.864   8.037   0.000   0   0.0000000   0.500
0   12.864   8.037   0.000   0   0.0000000   0.500
0   12.864   8.037   0.000   0   0.0000000   0.500
0   12.864   8.037   0.000   0   0.0000000   0.500
0   12.864   8.037   0.000   0   0.0000000   0.500
0   12.864   8.037   0.000   0   0.0000000   0.500
0   12.864   8.037   0.000   0   0.0000000   0.500
0   12.864   8.037   0.000   0   0.0000000   0.500
0   12.864   8.037   0.000   0   0.0000000   0.500
0   12.864   8.037   0.000   0   0.0000000   0.500
0   12.864   8.037   0.000   0   0.0000000   0.500
0   12.864   8.037   0.000   0   0.0000000   0.500
0   12.864   8.037   0.000   0   0.0000000   0.500
0   12.864   8.037   0.000   0   0.0000000   0.500
0   12.864   8.037   0.000   0   0.0000000   0.500
0   12.864   8.037   0.000   0   0.0000000   0.500
0   12.864   8.037   0.000   0   0.0000000   0.500
0   12.864   8.037   0.000   0   0.0000000   0.500
0   12.864   8.037   0.000   0   0.0000000   0.500
0   12.864   8.037   0.000   0   0.0000000   0.500
0   12.864   8.037   0.000   0   0.0000000   0.500
0   12.864   8.037   0.000   0   0.0000000   0.500
0   12.864   8.037   0.000   0   0.0000000   0.500
0   12.864   8.037   0.000   0   0.0000000   0.500
0   12.864   8.037   0.000   0   0.0000000   0.500
0   12.864   8.037   0.000   0   0.0000000   0.500
0   12.864   8.037   0.000   0   0.0000000   0.500
0   12.864   8.037   0.000   0   0.0000000   0.500
0   12.864   8.037   0.000   0   0.0000000   0.500
0   12.864   8.037   0.000   0   0.0000000   0.500
0   12.864   8.037   0.000   0   0.0000000   0.500
0   12.864   8.037   0.000   0   0.0000000   0.500
0   12.864   8.037   0.000   0   0.0000000   0.500
0   12.864   8.037   0.000   0   0.0000000   0.500
0   12.864   8.037   0.000   0   0.0000000   0.500
0   12.864   8.037   0.000   0   0.0000000   0.500
0   12.864   8.037   0.000   0   0.0000000   0.500
0   12.864   8.037   0.000   0   0.0000000   0.500
0   12.864   8.037   0.000   0   0.0000000   0.500
0   12.864   8.037   0.000   0   0.0000000   0.500
0   12.864   8.037   0.000   0   0.0000000   0.500
0   12.864   8.037   0.000   0   0.0000000   0.500
0   12.864   8.037   0.000   0   0.0000000   0.500
0   12.864   8.037   0.000   0   0.0000000   0.500
0   12.864   8.037   0.000   0   0.0000000   0.500
0   12.864   8.037   0.000   0   0.0000000   0.500
0   12.864   8.037   0.000   0   0.0000000   0.500
0   12.864   8.037   0.000   0   0.0000000   0.500
0   12.864   8.037   0.000   0   0.0000000   0.500
0   12.864   8.037   0.000   0   0.0000000   0.500
0   12.864   8.037   0.000   0   0.0000000   0.500
0   12.864   8.037   0.000   0   0.0000000   0.500
0   12.864   8.037   0.000   0   0.0000000   0.500
0   12.864   8.037   0.000   0   0.0000000   0.500
0   12.864   8.037   0.000   0   0.0000000   0.500
0   12.864   8.037   0.000   0   0.0000000   0.500
0   12.864   8.037   0.000   0   0.0000000   0.500
0   12.864   8.037   0.000   0   0.0000000   0.500
0   12.864   8.037   0.000   0   0.0000000   0.500
0   12.864   8.037   0.000   0   0.0000000   0.500
0   12.864   8.037   0.000   0   0.0000000   0.500
0   12.864   8.037   0.000   0   0.0000000   0.500
0   12.864   8.037   0.000   0   0.0000000   0.500
0   12.864   8.037   0.000   0   0.0000000   0.500
0   12.864   8.037   0.000   0   0.0000000   0.500
0   12.864   8.037   0.000   0   0.0000000   0.500
0   12.864   8.037   0.000   0   0.0000000   0.500
0   12.864   8.037   0.000   0   0.0000000   0.500
0   12.864   8.037   0.000   0   0.0000000   0.500
0   12.864   8.037   0.000   0   0.0000000   0.500
0   12.864   8.037   0.000   0   0.0000000   0.500
0   12.864   8.037   0.000   0   0.0000000   0.500
0   12.864   8.037   0.000   0   0.0000000   0.500
0   12.864   8.037   0.000   0   0.0000000   0.500
0   12.864   8.037   0.000   0   0.0000000   0.500
0   12.864   8.037   0.000   0   0.0000000   0.500
0   12.864   8.037   0.000   0   0.0000000   0.500
0   12.864   8.037   0.000   0   0.0000000   0.500
0   12.864   8.037   0.000   0   0.0000000   0.500
0   12.864   8.037   0.000   0   0.0000000   0.500
0   12.864   8.037   0.000   0   0.0000000   0.500
0   12.864   8.037   0.000   0   0.0000000   0.500
0   12.864   8.037   0.000   0   0.0000000   0.500
0   12.864   8.037   0.000   0   0.0000000   0.500
0   12.864   8.037   0.000   0   0.0000000   0.500
0   12.864   8.037   0.000   0   0.0000000   0.500
0   12.864   8.037   0.000   0   0.0000000   0.500
0   12.864   8.037   0.000   0   0.0000000   0.500
0   12.864   8.037   0.000   0   0.0000000   0.500
0   12.864   8.037   0.000   0   0.0000000   0.500
0   12.864   8.037   0.000   0   0.0000000   0.500
0   12.864   8.037   0.000   0   0.0000000   0.500
0   12.864   8.037   0.000   0   0.0000000   0.500
0   12.864   8.037   0.000   0   0.0000000   0.500
0   12.864   8.037   0.000   0   0.0000000   0.500
0   12.864   8.037   0.000   0   0.0000000   0.500
0   12.864   8.037   0.000   0   0.0000000   0.500
0   12.864   8.037   0.000   0   0.0000000   0.500
0   12.864   8.037   0.000   0   0.0000000   0.500
0   12.864   8.037   0.000   0   0.0000000   0.500
0   12.864   8.037   0.000   0   0.0000000   0.500
0   12.864   8.037   0.000   0   0.0000000   0.500
0   12.864   8.037   0.000   0   0.0000000   0.500
0   12.864   8.037   0.000   0   0.0000000   0.500
0   12.864   8.037   0.000   0   0.0000000   0.500
0   12.864   8.037   0.000   0   0.0000000   0.500
0   12.864   8.037   0.000   0   0.0000000   0.500
0   12.864   8.037   0.000   0   0.0000000   0.500
0   12.864   8.037   0.000   0   0.0000000   0.500
0   12.864   8.037   0.000   0   0.0000000   0.500
0   12.864   8.037   0.000   0   0.0000000   0.500
0   12.864   8.037   0.000   0   0.0000000   0.500
0   12.864   8.037   0.000   0   0.0000000   0.500
0   12.864   8.037   0.000   0   0.0000000   0.500
0   12.864   8.037   0.000   0   0.0000000   0.500
0   12.864   8.037   0.000   0   0.0000000   0.500
0   12.864   8.037   0.000   0   0.0000000   0.500
0   12.864   8.037   0.000   0   0.0000000   0.500
0   12.864   8.037   0.000   0   0.0000000   0.500
