0   18.813   -9.870   0.000   0   0.0000000   3.000
0   19.085   -9.745   0.000   0   0.0000000   3.000
0   19.324   -9.564   0.000   0   0.0000000   3.000
0   19.518   -9.336   0.000   0   0.0000000   3.000
0   19.660   -9.073   0.000   0   0.0000000   3.000
0   19.750   -8.787   0.000   0   0.0000000   3.000
0   19.801   -8.491   0.000   0   0.0000000   3.000
0   19.827   -8.193   0.000   0   0.0000000   3.000
0   19.840   -7.893   0.000   0   0.0000000   3.000
0   19.847   -7.593   0.000   0   0.0000000   3.000
0   19.854   -7.293   0.000   0   0.0000000   3.000
0   19.864   -6.993   0.000   0   0.0000000   3.000
0   19.878   -6.694   0.000   0   0.0000000   3.000
0   19.895   -6.394   0.000   0   0.0000000   3.000
0   19.915   -6.095   0.000   0   0.0000000   3.000
0   19.938   -5.796   0.000   0   0.0000000   3.000
0   19.960   -5.496   0.000   0   0.0000000   3.000
0   19.978   -5.197   0.000   0   0.0000000   3.000
0   19.991   -4.897   0.000   0   0.0000000   3.000
0   19.999   -4.597   0.000   0   0.0000000   3.000
0   20.004   -4.297   0.000   0   0.0000000   3.000
0   20.006   -3.997   0.000   0   0.0000000   3.000
0   20.006   -3.697   0.000   0   0.0000000   3.000
0   20.005   -3.397   0.000   0   0.0000000   3.000
0   20.003   -3.097   0.000   0   0.0000000   3.000
0   20.002   -2.797   0.000   0   0.0000000   3.000
0   20.000   -2.497   0.000   0   0.0000000   3.000
0   19.990   -2.198   0.000   0   0.0000000   3.000
0   19.961   -1.899   0.000   0   0.0000000   3.000
0   19.899   -1.606   0.000   0   0.0000000   3.000
0   19.797   -1.324   0.000   0   0.0000000   3.000
0   19.656   -1.060   0.000   0   0.0000000   3.000
0   19.485   -0.813   0.000   0   0.0000000   3.000
0   19.294   -0.582   0.000   0   0.0000000   3.000
0   19.092   -0.360   0.000   0   0.0000000   3.000
0   18.884   -0.144   0.000   0   0.0000000   3.000
0   18.674   0.070   0.000   0   0.0000000   3.000
0   18.464   0.284   0.000   0   0.0000000   3.000
0   18.255   0.500   0.000   0   0.0000000   3.000
0   18.048   0.717   0.000   0   0.0000000   3.000
0   17.843   0.936   0.000   0   0.0000000   3.000
0   17.639   1.156   0.000   0   0.0000000   3.000
0   17.436   1.377   0.000   0   0.0000000   3.000
0   17.233   1.598   0.000   0   0.0000000   3.000
0   17.031   1.820   0.000   0   0.0000000   3.000
0   16.829   2.041   0.000   0   0.0000000   3.000
0   16.626   2.263   0.000   0   0.0000000   3.000
0   16.424   2.484   0.000   0   0.0000000   3.000
0   16.255   2.668   0.000   0   0.0000000   3.000
0   16.053   2.890   0.000   0   0.0000000   3.000
0   15.850   3.111   0.000   0   0.0000000   3.000
0   15.647   3.332   0.000   0   0.0000000   3.000
0   15.445   3.553   0.000   0   0.0000000   3.000
0   15.242   3.774   0.000   0   0.0000000   3.000
0   15.039   3.996   0.000   0   0.0000000   3.000
0   14.836   4.217   0.000   0   0.0000000   3.000
0   14.634   4.438   0.000   0   0.0000000   3.000
0   14.430   4.658   0.000   0   0.0000000   3.000
0   14.222   4.874   0.000   0   0.0000000   3.000
0   13.999   5.075   0.000   0   0.0000000   3.000
0   13.754   5.247   0.000   0   0.0000000   3.000
0   13.505   5.373   0.000   0   0.0000000   2.500
0   13.288   5.447   0.000   0   0.0000000   2.000
0   13.114   5.488   0.000   0   0.0000000   1.500
0   12.986   5.510   0.000   0   0.0000000   1.000
0   12.908   5.520   0.000   0   0.0000000   0.500
0   12.908   5.520   0.000   0   0.0000000   0.500
0   12.908   5.520   0.000   0   0.0000000   0.500
0   12.908   5.520   0.000   0   0.0000000   0.500
0   12.908   5.520   0.000   0   0.0000000   0.500
0   12.908   5.520   0.000   0   0.0000000   0.500
0   12.908   5.520   0.000   0   0.0000000   0.500
0   12.908   5.520   0.000   0   0.0000000   0.500
0   12.908   5.520   0.000   0   0.0000000   0.500
0   12.908   5.520   0.000   0   0.0000000   0.500
0   12.908   5.520   0.000   0   0.0000000   0.500
0   12.908   5.520   0.000   0   0.0000000   0.500
0   12.908   5.520   0.000   0   0.0000000   0.500
0   12.908   5.520   0.000   0   0.0000000   0.500
0   12.908   5.520   0.000   0   0.0000000   0.500
0   12.908   5.520   0.000   0   0.0000000   0.500
0   12.908   5.520   0.000   0   0.0000000   0.500
0   12.908   5.520   0.000   0   0.0000000   0.500
0   12.908   5.520   0.000   0   0.0000000   0.500
0   12.908   5.520   0.000   0   0.0000000   0.500
0   12.908   5.520   0.000   0   0.0000000   0.500
0   12.908   5.520   0.000   0   0.0000000   0.500
0   12.908   5.520   0.000   0   0.0000000   0.500
0   12.908   5.520   0.000   0   0.0000000   0.500
0   12.908   5.520   0.000   0   0.0000000   0.500
0   12.908   5.520   0.000   0   0.0000000   0.500
0   12.908   5.520   0.000   0   0.0000000   0.500
0   12.908   5.520   0.000   0   0.0000000   0.500
0   12.908   5.520   0.000   0   0.0000000   0.500
0   12.908   5.520   0.000   0   0.0000000   0.500
0   12.908   5.520   0.000   0   0.0000000   0.500
0   12.908   5.520   0.000   0   0.0000000   0.500
0   12.908   5.520   0.000   0   0.0000000   0.500
0   12.908   5.520   0.000   0   0.0000000   0.500
0   12.908   5.520   0.000   0   0.0000000   0.500
0   12.908   5.520   0.000   0   0.0000000   0.500
0   12.908   5.520   0.000   0   0.0000000   0.500
0   12.908   5.520   0.000   0   0.0000000   0.500
0   12.908   5.520   0.000   0   0.0000000   0.500
0   12.908   5.520   0.000   0   0.0000000   0.500
0   12.908   5.520   0.000   0   0.0000000   0.500
0   12.908   5.520   0.000   0   0.0000000   0.500
0   12.908   5.520   0.000   0   0.0000000   0.500
0   12.908   5.520   0.000   0   0.0000000   0.500
0   12.908   5.520   0.000   0   0.0000000   0.500
0   12.908   5.520   0.000   0   0.0000000   0.500
0   12.908   5.520   0.000   0   0.0000000   0.500
0   12.908   5.520   0.000   0   0.0000000   0.500
0   12.908   5.520   0.000   0   0.0000000   0.500
0   12.908   5.520   0.000   0   0.0000000   0.500
0   12.908   5.520   0.000   0   0.0000000   0.500
0   12.908   5.520   0.000   0   0.0000000   0.500
0   12.908   5.520   0.000   0   0.0000000   0.500
0   12.908   5.520   0.000   0   0.0000000   0.500
0   12.908   5.520   0.000   0   0.0000000   0.500
0   12.908   5.520   0.000   0   0.0000000   0.500
0   12.908   5.520   0.000   0   0.0000000   0.500
0   12.908   5.520   0.000   0   0.0000000   0.500
0   12.908   5.520   0.000   0   0.0000000   0.500
0   12.908   5.520   0.000   0   0.0000000   0.500
0   12.908   5.520   0.000   0   0.0000000   0.500
0   12.908   5.520   0.000   0   0.0000000   0.500
0   12.908   5.520   0.000   0   0.0000000   0.500
0   12.908   5.520   0.000   0   0.0000000   0.500
0   12.908   5.520   0.000   0   0.0000000   0.500
0   12.908   5.520   0.000   0   0.0000000   0.500
0   12.908   5.520   0.000   0   0.0000000   0.500
0   12.908   5.520   0.000   0   0.0000000   0.500
0   12.908   5.520   0.000   0   0.0000000   0.500
0   12.908   5.520   0.000   0   0.0000000   0.500
0   12.908   5.520   0.000   0   0.0000000   0.500
0   12.908   5.520   0.000   0   0.0000000   0.500
0   12.908   5.520   0.000   0   0.0000000   0.500
0   12.908   5.520   0.000   0   0.0000000   0.500
0   12.908   5.520   0.000   0   0.0000000   0.500
0   12.908   5.520   0.000   0   0.0000000   0.500
0   12.908   5.520   0.000   0   0.0000000   0.500
0   12.908   5.520   0.000   0   0.0000000   0.500
0   12.908   5.520   0.000   0   0.0000000   0.500
0   12.908   5.520   0.000   0   0.0000000   0.500
0   12.908   5.520   0.000   0   0.0000000   0.500
0   12.908   5.520   0.000   0   0.0000000   0.500
0   12.908   5.520   0.000   0   0.0000000   0.500
0   12.908   5.520   0.000   0   0.0000000   0.500
0   12.908   5.520   0.000   0   0.0000000   0.500
0   12.908   5.520   0.000   0   0.0000000   0.500
0   12.908   5.520   0.000   0   0.0000000   0.500
0   12.908   5.520   0.000   0   0.0000000   0.500
0   12.908   5.520   0.000   0   0.0000000   0.500
0   12.908   5.520   0.000   0   0.0000000   0.500
0   12.908   5.520   0.000   0   0.0000000   0.500
0   12.908   5.520   0.000   0   0.0000000   0.500
0   12.908   5.520   0.000   0   0.0000000   0.500
0   12.908   5.520   0.000   0   0.0000000   0.500
0   12.908   5.520   0.000   0   0.0000000   0.500
0   12.908   5.520   0.000   0   0.0000000   0.500
0   12.908   5.520   0.000   0   0.0000000   0.500
0   12.908   5.520   0.000   0   0.0000000   0.500
0   12.908   5.520   0.000   0   0.0000000   0.500
0   12.908   5.520   0.000   0   0.0000000   0.500
0   12.908   5.520   0.000   0   0.0000000   0.500
0   12.908   5.520   0.000   0   0.0000000   0.500
0   12.908   5.520   0.000   0   0.0000000   0.500
0   12.908   5.520   0.000   0   0.0000000   0.500
0   12.908   5.520   0.000   0   0.0000000   0.500
0   12.908   5.520   0.000   0   0.0000000   0.500
0   12.908   5.520   0.000   0   0.0000000   0.500
0   12.908   5.520   0.000   0   0.0000000   0.500
0   12.908   5.520   0.000   0   0.0000000   0.500
0   12.908   5.520   0.000   0   0.0000000   0.500
0   12.908   5.520   0.000   0   0.0000000   0.500
0   12.908   5.520   0.000   0   0.0000000   0.500
0   12.908   5.520   0.000   0   0.0000000   0.500
0   12.908   5.520   0.000   0   0.0000000   0.500
0   12.908   5.520   0.000   0   0.0000000   0.500
0   12.908   5.520   0.000   0   0.0000000   0.500
0   12.908   5.520   0.000   0   0.0000000   0.500
0   12.908   5.520   0.000   0   0.0000000   0.500
0   12.908   5.520   0.000   0   0.0000000   0.500
0   12.908   5.520   0.000   0   0.0000000   0.500
0   12.908   5.520   0.000   0   0.0000000   0.500
0   12.908   5.520   0.000   0   0.0000000   0.500
0   12.908   5.520   0.000   0   0.0000000   0.500
0   12.908   5.520   0.000   0   0.0000000   0.500
0   12.908   5.520   0.000   0   0.0000000   0.500
0   12.908   5.520   0.000   0   0.0000000   0.500
0   12.908   5.520   0.000   0   0.0000000   0.500
0   12.908   5.520   0.000   0   0.0000000   0.500
0   12.908   5.520   0.000   0   0.0000000   0.500
0   12.908   5.520   0.000   0   0.0000000   0.500
0   12.908   5.520   0.000   0   0.0000000   0.500
0   12.908   5.520   0.000   0   0.0000000   0.500
0   12.908   5.520   0.000   0   0.0000000   0.500
0   12.908   5.520   0.000   0   0.0000000   0.500
0   12.908   5.520   0.000   0   0.0000000   0.500
0   12.908   5.520   0.000   0   0.0000000   0.500
0   12.908   5.520   0.000   0   0.0000000   0.500
0   12.908   5.520   0.000   0   0.0000000   0.500
0   12.908   5.520   0.000   0   0.0000000   0.500
0   12.908   5.520   0.000   0   0.0000000   0.500
0   12.908   5.520   0.000   0   0.0000000   0.500
0   12.908   5.520   0.000   0   0.0000000   0.500
0   12.908   5.520   0.000   0   0.0000000   0.500
0   12.908   5.520   0.000   0   0.0000000   0.500
0   12.908   5.520   0.000   0   0.0000000   0.500
0   12.908   5.520   0.000   0   0.0000000   0.500
0   12.908   5.520   0.000   0   0.0000000   0.500
0   12.908   5.520   0.000   0   0.0000000   0.500
0   12.908   5.520   0.000   0   0.0000000   0.500
0   12.908   5.520   0.000   0   0.0000000   0.500
0   12.908   5.520   0.000   0   0.0000000   0.500
0   12.908   5.520   0.000   0   0.0000000   0.500
0   12.908   5.520   0.000   0   0.0000000   0.500
0   12.908   5.520   0.000   0   0.0000000   0.500
0   12.908   5.520   0.000   0   0.0000000   0.500
0   12.908   5.520   0.000   0   0.0000000   0.500
0   12.908   5.520   0.000   0   0.0000000   0.500
0   12.908   5.520   0.000   0   0.0000000   0.500
0   12.908   5.520   0.000   0   0.0000000   0.500
0   12.908   5.520   0.000   0   0.0000000   0.500
0   12.908   5.520   0.000   0   0.0000000   0.500
0   12.908   5.520   0.000   0   0.0000000   0.500
0   12.908   5.520   0.000   0   0.0000000   0.500
0   12.908   5.520   0.000   0   0.0000000   0.500
0   12.908   5.520   0.000   0   0.0000000   0.500
0   12.908   5.520   0.000   0   0.0000000   0.500
0   12.908   5.520   0.000   0   0.0000000   0.500
0   12.908   5.520   0.000   0   0.0000000   0.500
0   12.908   5.520   0.000   0   0.0000000   0.500
0   12.908   5.520   0.000   0   0.0000000   0.500
0   12.908   5.520   0.000   0   0.0000000   0.500
0   12.908   5.520   0.000   0   0.0000000   0.500
0   12.908   5.520   0.000   0   0.0000000   0.500
0   12.908   5.520   0.000   0   0.0000000   0.500
0   12.908   5.520   0.000   0   0.0000000   0.500
0   12.908   5.520   0.000   0   0.0000000   0.500
0   12.908   5.520   0.000   0   0.0000000   0.500
0   12.908   5.520   0.000   0   0.0000000   0.500
0   12.908   5.520   0.000   0   0.0000000   0.500
0   12.908   5.520   0.000   0   0.0000000   0.500
0   12.908   5.520   0.000   0   0.0000000   0.500
0   12.908   5.520   0.000   0   0.0000000   0.500
0   12.908   5.520   0.000   0   0.0000000   0.500
0   12.908   5.520   0.000   0   0.0000000   0.500
0   12.908   5.520   0.000   0   0.0000000   0.500
0   12.908   5.520   0.000   0   0.0000000   0.500
0   12.908   5.520   0.000   0   0.0000000   0.500
0   12.908   5.520   0.000   0   0.0000000   0.500
0   12.908   5.520   0.000   0   0.0000000   0.500
0   12.908   5.520   0.000   0   0.0000000   0.500
0   12.908   5.520   0.000   0   0.0000000   0.500
0   12.908   5.520   0.000   0   0.0000000   0.500
0   12.908   5.520   0.000   0   0.0000000   0.500
0   12.908   5.520   0.000   0   0.0000000   0.500
0   12.908   5.520   0.000   0   0.0000000   0.500
0   12.908   5.520   0.000   0   0.0000000   0.500
0   12.908   5.520   0.000   0   0.0000000   0.500
0   12.908   5.520   0.000   0   0.0000000   0.500
0   12.908   5.520   0.000   0   0.0000000   0.500
0   12.908   5.520   0.000   0   0.0000000   0.500
0   12.908   5.520   0.000   0   0.0000000   0.500
0   12.908   5.520   0.000   0   0.0000000   0.500
0   12.908   5.520   0.000   0   0.0000000   0.500
0   12.908   5.520   0.000   0   0.0000000   0.500
0   12.908   5.520   0.000   0   0.0000000   0.500
0   12.908   5.520   0.000   0   0.0000000   0.500
0   12.908   5.520   0.000   0   0.0000000   0.500
0   12.908   5.520   0.000   0   0.0000000   0.500
0   12.908   5.520   0.000   0   0.0000000   0.500
0   12.908   5.520   0.000   0   0.0000000   0.500
0   12.908   5.520   0.000   0   0.0000000   0.500
0   12.908   5.520   0.000   0   0.0000000   0.500
0   12.908   5.520   0.000   0   0.0000000   0.500
0   12.908   5.520   0.000   0   0.0000000   0.500
0   12.908   5.520   0.000   0   0.0000000   0.500
0   12.908   5.520   0.000   0   0.0000000   0.500
0   12.908   5.520   0.000   0   0.0000000   0.500
0   12.908   5.520   0.000   0   0.0000000   0.500
0   12.908   5.520   0.000   0   0.0000000   0.500
0   12.908   5.520   0.000   0   0.0000000   0.500
0   12.908   5.520   0.000   0   0.0000000   0.500
0   12.908   5.520   0.000   0   0.0000000   0.500
0   12.908   5.520   0.000   0   0.0000000   0.500
0   12.908   5.520   0.000   0   0.0000000   0.500
0   12.908   5.520   0.000   0   0.0000000   0.500
0   12.908   5.520   0.000   0   0.0000000   0.500
0   12.908   5.520   0.000   0   0.0000000   0.500
0   12.908   5.520   0.000   0   0.0000000   0.500
0   12.908   5.520   0.000   0   0.0000000   0.500
0   12.908   5.520   0.000   0   0.0000000   0.500
0   12.908   5.520   0.000   0   0.0000000   0.500
0   12.908   5.520   0.000   0   0.0000000   0.500
0   12.908   5.520   0.000   0   0.0000000   0.500
0   12.908   5.520   0.000   0   0.0000000   0.500
0   12.908   5.520   0.000   0   0.0000000   0.500
0   12.908   5.520   0.000   0   0.0000000   0.500
0   12.908   5.520   0.000   0   0.0000000   0.500
0   12.908   5.520   0.000   0   0.0000000   0.500
0   12.908   5.520   0.000   0   0.0000000   0.500
0   12.908   5.520   0.000   0   0.0000000   0.500
0   12.908   5.520   0.000   0   0.0000000   0.500
0   12.908   5.520   0.000   0   0.0000000   0.500
0   12.908   5.520   0.000   0   0.0000000   0.500
0   12.908   5.520   0.000   0   0.0000000   0.500
0   12.908   5.520   0.000   0   0.0000000   0.500
0   12.908   5.520   0.000   0   0.0000000   0.500
0   12.908   5.520   0.000   0   0.0000000   0.500
0   12.908   5.520   0.000   0   0.0000000   0.500
0   12.908   5.520   0.000   0   0.0000000   0.500
0   12.908   5.520   0.000   0   0.0000000   0.500
0   12.908   5.520   0.000   0   0.0000000   0.500
0   12.908   5.520   0.000   0   0.0000000   0.500
0   12.908   5.520   0.000   0   0.0000000   0.500
0   12.908   5.520   0.000   0   0.0000000   0.500
0   12.908   5.520   0.000   0   0.0000000   0.500
0   12.908   5.520   0.000   0   0.0000000   0.500
0   12.908   5.520   0.000   0   0.0000000   0.500
0   12.908   5.520   0.000   0   0.0000000   0.500
0   12.908   5.520   0.000   0   0.0000000   0.500
0   12.908   5.520   0.000   0   0.0000000   0.500
0   12.908   5.520   0.000   0   0.0000000   0.500
0   12.908   5.520   0.000   0   0.0000000   0.500
0   12.908   5.520   0.000   0   0.0000000   0.500
0   12.908   5.520   0.000   0   0.0000000   0.500
0   12.908   5.520   0.000   0   0.0000000   0.500
0   12.908   5.520   0.000   0   0.0000000   0.500
0   12.908   5.520   0.000   0   0.0000000   0.500
0   12.908   5.520   0.000   0   0.0000000   0.500
0   12.908   5.520   0.000   0   0.0000000   0.500
0   12.908   5.520   0.000   0   0.0000000   0.500
0   12.908   5.520   0.000   0   0.0000000   0.500
0   12.908   5.520   0.000   0   0.0000000   0.500
0   12.908   5.520   0.000   0   0.0000000   0.500
0   12.908   5.520   0.000   0   0.0000000   0.500
0   12.908   5.520   0.000   0   0.0000000   0.500
0   12.908   5.520   0.000   0   0.0000000   0.500
0   12.908   5.520   0.000   0   0.0000000   0.500
0   12.908   5.520   0.000   0   0.0000000   0.500
0   12.908   5.520   0.000   0   0.0000000   0.500
0   12.908   5.520   0.000   0   0.0000000   0.500
0   12.908   5.520   0.000   0   0.0000000   0.500
0   12.908   5.520   0.000   0   0.0000000   0.500
0   12.908   5.520   0.000   0   0.0000000   0.500
0   12.908   5.520   0.000   0   0.0000000   0.500
0   12.908   5.520   0.000   0   0.0000000   0.500
0   12.908   5.520   0.000   0   0.0000000   0.500
0   12.908   5.520   0.000   0   0.0000000   0.500
0   12.908   5.520   0.000   0   0.0000000   0.500
0   12.908   5.520   0.000   0   0.0000000   0.500
0   12.908   5.520   0.000   0   0.0000000   0.500
0   12.908   5.520   0.000   0   0.0000000   0.500
0   12.908   5.520   0.000   0   0.0000000   0.500
0   12.908   5.520   0.000   0   0.0000000   0.500
0   12.908   5.520   0.000   0   0.0000000   0.500
0   12.908   5.520   0.000   0   0.0000000   0.500
0   12.908   5.520   0.000   0   0.0000000   0.500
0   12.908   5.520   0.000   0   0.0000000   0.500
0   12.908   5.520   0.000   0   0.0000000   0.500
0   12.908   5.520   0.000   0   0.0000000   0.500
0   12.908   5.520   0.000   0   0.0000000   0.500
0   12.908   5.520   0.000   0   0.0000000   0.500
0   12.908   5.520   0.000   0   0.0000000   0.500
0   12.908   5.520   0.000   0   0.0000000   0.500
0   12.908   5.520   0.000   0   0.0000000   0.500
0   12.908   5.520   0.000   0   0.0000000   0.500
0   12.908   5.520   0.000   0   0.0000000   0.500
0   12.908   5.520   0.000   0   0.0000000   0.500
0   12.908   5.520   0.000   0   0.0000000   0.500
0   12.908   5.520   0.000   0   0.0000000   0.500
0   12.908   5.520   0.000   0   0.0000000   0.500
0   12.908   5.520   0.000   0   0.0000000   0.500
0   12.908   5.520   0.000   0   0.0000000   0.500
0   12.908   5.520   0.000   0   0.0000000   0.500
