1 -329.009423797191 -260.807970364601 85.9 4 0
1 -329.009423797191 -260.807970364601 85.9 4 0
1 -329.009423797191 -260.807970364601 85.9 4 0
1 -329.009423797191 -260.807970364601 85.9 4 0
1 -329.01027660281 -260.807970364601 85.9 4 0
1 -329.01027660281 -260.807970364601 85.9 4 0
1 -329.011129406259 -260.807970364601 85.9 4 0
1 -329.011129406259 -260.807970364601 85.9 4 0
1 -329.011982209708 -260.807970364601 85.9 4 0
1 -329.011982209708 -260.807970364601 85.9 4 0
1 -329.011982209708 -260.807970364601 85.9 4 0
1 -329.011982209708 -260.807970364601 85.9 4 0
1 -329.011982209708 -260.807970364601 85.9 4 0
1 -329.011982209708 -260.807970364601 85.9 4 0
1 -329.012835015327 -260.807970364601 85.9 4 0
1 -329.012835015327 -260.807970364601 85.9 4 0
1 -329.013687816606 -260.807970364601 85.9 4 0
1 -329.013687816606 -260.809083578476 85.9 4 0
1 -329.012835015327 -260.809083578476 85.9 4 0
1 -329.012835015327 -260.809083578476 85.9 4 0
1 -329.012835015327 -260.807970364601 85.9 4 0
1 -329.012835015327 -260.809083578476 85.9 4 0
1 -329.012835015327 -260.809083578476 85.9 4 0
1 -329.012835015327 -260.809083578476 85.9 4 0
1 -329.011982209708 -260.807970364601 85.9 4 0
1 -329.011982209708 -260.807970364601 85.9 4 0
1 -329.011982209708 -260.807970364601 85.9 4 0
1 -329.012835015327 -260.807970364601 85.9 4 0
1 -329.012835015327 -260.807970364601 85.9 4 0
1 -329.011982209708 -260.807970364601 85.9 4 0
1 -329.011982209708 -260.807970364601 85.9 4 0
1 -329.011982209708 -260.806857150726 85.9 4 0
1 -329.011982209708 -260.806857150726 85.91 4 0
1 -329.011982209708 -260.806857150726 85.91 4 0
1 -329.011982209708 -260.806857150726 85.9 4 0
1 -329.011982209708 -260.806857150726 85.91 4 0
1 -329.011982209708 -260.80574393685 85.91 4 0
1 -329.011982209708 -260.80574393685 85.91 4 0
1 -329.011982209708 -260.80574393685 85.91 4 0
1 -329.011982209708 -260.80574393685 85.91 4 0
1 -329.011982209708 -260.80574393685 85.91 4 0
1 -329.011982209708 -260.804630722975 85.9 4 0
1 -329.011982209708 -260.804630722975 85.91 4 0
1 -329.011982209708 -260.8035175091 85.9 4 0
1 -329.011982209708 -260.8035175091 85.9 4 0
1 -329.011982209708 -260.8035175091 85.9 4 0
1 -329.011982209708 -260.8035175091 85.9 4 0
1 -329.011982209708 -260.8035175091 85.9 4 0
1 -329.011982209708 -260.8035175091 85.9 4 0
1 -329.01027660281 -260.801291082058 85.91 4 0
1 -329.01027660281 -260.801291082058 85.9 4 0
1 -329.01027660281 -260.800177868891 85.9 4 0
1 -329.009423797191 -260.800177868891 85.9 4 0
1 -329.008570993742 -260.799064654307 85.9 4 0
1 -329.008570993742 -260.799064654307 85.9 4 0
1 -329.007718190293 -260.796838226557 85.9 4 0
1 -329.007718190293 -260.796838226557 85.9 4 0
1 -329.006865386844 -260.79572501339 85.9 4 0
1 -329.003454170879 -260.792385372472 85.9 4 0
1 -329.00260136526 -260.791272157889 85.9 4 0
1 -329.001748563981 -260.791272157889 85.9 4 0
1 -329.001748563981 -260.791272157889 85.9 4 0
1 -329.001748563981 -260.791272157889 85.9 4 0
1 -329.000895758362 -260.791272157889 85.9 4 0
1 -329.000895758362 -260.790158944722 85.9 4 0
1 -329.000042954914 -260.790158944722 85.9 4 0
1 -328.997484544567 -260.786819302388 85.89 4 0
1 -328.997484544567 -260.786819302388 85.89 4 0
1 -328.997484544567 -260.786819302388 85.89 4 0
1 -328.996631738948 -260.785706089221 85.89 4 0
1 -328.996631738948 -260.785706089221 85.89 4 0
1 -328.995778935499 -260.785706089221 85.89 4 0
1 -328.993220522983 -260.783479661471 85.89 4 0
1 -328.993220522983 -260.783479661471 85.89 4 0
1 -328.993220522983 -260.783479661471 85.89 4 0
1 -328.992367719534 -260.783479661471 85.89 4 0
1 -328.993220522983 -260.782366448304 85.89 4 0
1 -328.992367719534 -260.782366448304 85.89 4 0
1 -328.992367719534 -260.782366448304 85.89 4 0
1 -328.992367719534 -260.782366448304 85.89 4 0
1 -328.991514916085 -260.779026806678 85.89 4 0
1 -328.992367719534 -260.777913592803 85.89 4 0
1 -328.992367719534 -260.777913592803 85.89 4 0
1 -328.992367719534 -260.776800378928 85.89 4 0
1 -328.992367719534 -260.776800378928 85.89 4 0
1 -328.992367719534 -260.775687165053 85.89 4 0
1 -328.992367719534 -260.775687165053 85.89 4 0
1 -328.991514916085 -260.772347524135 85.89 4 0
1 -328.991514916085 -260.772347524135 85.89 4 0
1 -328.991514916085 -260.772347524135 85.89 4 0
1 -328.991514916085 -260.772347524135 85.9 4 0
1 -328.991514916085 -260.772347524135 85.9 4 0
1 -328.992367719534 -260.771234310968 85.9 4 0
1 -328.992367719534 -260.771234310968 85.89 4 0
1 -328.993220522983 -260.770121096385 85.89 4 0
1 -328.993220522983 -260.770121096385 85.89 4 0
1 -328.993220522983 -260.770121096385 85.89 4 0
1 -328.993220522983 -260.769007883218 85.89 4 0
1 -328.993220522983 -260.769007883218 85.89 4 0
1 -328.993220522983 -260.769007883218 85.89 4 0
1 -328.993220522983 -260.769007883218 85.89 4 0
1 -328.993220522983 -260.767894668635 85.89 4 0
1 -328.993220522983 -260.767894668635 85.89 4 0
1 -328.993220522983 -260.767894668635 85.89 4 0
1 -328.993220522983 -260.767894668635 85.89 4 0
1 -328.993220522983 -260.767894668635 85.89 4 0
1 -328.992367719534 -260.767894668635 85.89 4 0
1 -328.992367719534 -260.767894668635 85.89 4 0
1 -328.992367719534 -260.767894668635 85.89 4 0
1 -328.992367719534 -260.766781455467 85.89 4 0
1 -328.992367719534 -260.766781455467 85.89 4 0
1 -328.992367719534 -260.766781455467 85.89 4 0
1 -328.992367719534 -260.766781455467 85.89 4 0
1 -328.992367719534 -260.766781455467 85.89 4 0
1 -328.992367719534 -260.766781455467 85.89 4 0
1 -328.991514916085 -260.766781455467 85.89 4 0
1 -328.991514916085 -260.766781455467 85.89 4 0
1 -328.991514916085 -260.766781455467 85.89 4 0
1 -328.991514916085 -260.766781455467 85.89 4 0
1 -328.992367719534 -260.766781455467 85.89 4 0
1 -328.991514916085 -260.766781455467 85.9 4 0
1 -328.991514916085 -260.766781455467 85.89 4 0
1 -328.991514916085 -260.766781455467 85.9 4 0
1 -328.991514916085 -260.766781455467 85.9 4 0
1 -328.990662112636 -260.767894668635 85.9 4 0
1 -328.990662112636 -260.767894668635 85.9 4 0
1 -328.990662112636 -260.767894668635 85.9 4 0
1 -328.990662112636 -260.767894668635 85.9 4 0
1 -328.988103702289 -260.770121096385 85.9 4 0
1 -328.985545289773 -260.771234310968 85.9 4 0
1 -328.985545289773 -260.772347524135 85.9 4 0
1 -328.983839682875 -260.773460738719 85.9 4 0
1 -328.982986877256 -260.773460738719 85.9 4 0
1 -328.984692484154 -260.772347524135 85.9 4 0
1 -328.983839682875 -260.772347524135 85.9 4 0
1 -328.986398093222 -260.771234310968 85.9 4 0
1 -328.986398093222 -260.771234310968 85.9 4 0
1 -328.988956503568 -260.771234310968 85.9 4 0
1 -328.98725089667 -260.777913592803 85.9 4 0
1 -328.98725089667 -260.777913592803 85.9 4 0
1 -328.98725089667 -260.780140020554 85.9 4 0
1 -328.98725089667 -260.780140020554 85.9 4 0
1 -328.988103702289 -260.782366448304 85.9 4 0
1 -328.98725089667 -260.782366448304 85.9 4 0
1 -328.988103702289 -260.783479661471 85.9 4 0
1 -328.988103702289 -260.783479661471 85.9 4 0
1 -328.989809309187 -260.791272157889 85.9 4 0
1 -328.990662112636 -260.79349858564 85.9 4 0
1 -328.990662112636 -260.79349858564 85.9 4 0
1 -328.991514916085 -260.79572501339 85.9 4 0
1 -328.991514916085 -260.79572501339 85.9 4 0
1 -328.991514916085 -260.79572501339 85.9 4 0
1 -328.991514916085 -260.796838226557 85.9 4 0
1 -328.994073328601 -260.8035175091 85.9 4 0
1 -328.994073328601 -260.8035175091 85.9 4 0
1 -328.99492613205 -260.80574393685 85.9 4 0
1 -328.995778935499 -260.806857150726 85.9 4 0
1 -328.99492613205 -260.806857150726 85.9 4 0
1 -328.995778935499 -260.807970364601 85.9 4 0
1 -328.998337345846 -260.81353643256 85.9 4 0
1 -328.998337345846 -260.81353643256 85.9 4 0
1 -328.999190151465 -260.814649647144 85.9 4 0
1 -328.999190151465 -260.814649647144 85.9 4 0
1 -328.999190151465 -260.814649647144 85.9 4 0
1 -328.999190151465 -260.814649647144 85.9 4 0
1 -329.000895758362 -260.815762860311 85.9 4 0
1 -329.003454170879 -260.819102502645 85.9 4 0
1 -329.003454170879 -260.820215715812 85.9 4 0
1 -329.003454170879 -260.820215715812 85.9 4 0
1 -329.003454170879 -260.820215715812 85.9 4 0
1 -329.004306974328 -260.821328930395 85.89 4 0
1 -329.006012583396 -260.822442143562 85.9 4 0
1 -329.005159777777 -260.822442143562 85.89 4 0
1 -329.012835015327 -260.825781784479 85.89 4 0
1 -329.013687816606 -260.826894998355 85.89 4 0
1 -329.013687816606 -260.826894998355 85.89 4 0
1 -329.015393425673 -260.82800821223 85.89 4 0
1 -329.015393425673 -260.82800821223 85.89 4 0
1 -329.017099034741 -260.829121426105 85.89 4 0
1 -329.021363054155 -260.831347853147 85.89 4 0
1 -329.020510248536 -260.832461067022 85.89 4 0
1 -329.020510248536 -260.832461067022 85.89 4 0
1 -329.019657445088 -260.832461067022 85.89 4 0
1 -329.019657445088 -260.832461067022 85.89 4 0
1 -329.018804641639 -260.832461067022 85.89 4 0
1 -329.000042954914 -260.832461067022 85.84 4 0
1 -328.971047622462 -260.831347853147 85.87 4 0
1 -328.929260231767 -260.82800821223 85.82 4 0
1 -328.882356016039 -260.824668570604 85.79 4 0
1 -328.832040586516 -260.821328930395 85.77 4 0
1 -328.781725156992 -260.817989288061 85.77 4 0
1 -328.729704118401 -260.81353643256 85.77 4 0
1 -328.248722719347 -260.780140020554 85.68 4 0
1 -328.194996071689 -260.776800378928 85.7 4 0
1 -328.139563819302 -260.772347524135 85.68 4 0
1 -328.083278761296 -260.767894668635 85.65 4 0
1 -328.029552115808 -260.76344181455 85.64 4 0
1 -327.974119863421 -260.760102172924 85.6 4 0
1 -327.484610423368 -260.721139691542 85.53 4 0
1 -327.432589384777 -260.715573622874 85.48 4 0
1 -327.378862739288 -260.712233981248 85.48 4 0
1 -327.326841700697 -260.70666791258 85.47 4 0
1 -327.271409448311 -260.701101843913 85.46 4 0
1 -327.216829997203 -260.69664898912 85.42 4 0
1 -326.731584576565 -260.654346866111 85.17 4 0
1 -326.677857931076 -260.649894010611 85.16 4 0
1 -326.623278484308 -260.645441155818 85.16 4 0
1 -326.571257445717 -260.640988300317 85.15 4 0
1 -326.517530798058 -260.636535446233 85.14 4 0
1 -326.464656958188 -260.630969376857 85.16 4 0
1 -325.982822753515 -260.58310118518 84.7 4 0
1 -325.930801714924 -260.577535116513 84.35 4 0
1 -325.875369460368 -260.57308226172 83.93 4 0
1 -325.822495620497 -260.568629406219 83.42 4 0
1 -325.76791616939 -260.565289765302 82.92 4 0
1 -325.717600739866 -260.559723696634 82.37 4 0
1 -325.303138044545 -260.518534787501 74.19 4 0
1 -325.251117005953 -260.514081932708 72.56 4 0
1 -325.20080157643 -260.506289435582 70.93 4 0
1 -325.149633341288 -260.498496939872 69.28 4 0
1 -325.099317909594 -260.490704443453 67.6 4 0
1 -325.049002482241 -260.478459092243 65.93 4 0
1 -324.575696316397 -260.303684532249 49.08 4 0
1 -324.532203318804 -260.278080615244 47.38 4 0
1 -324.489563122491 -260.252476699655 45.77 4 0
1 -324.446922926177 -260.226872783358 44.08 4 0
1 -324.405135535483 -260.197929225436 42.49 4 0
1 -324.363348144788 -260.166759240471 41.26 4 0
1 -324.153558383526 -259.928531495965 39.77 4 0
1 -324.12029903166 -259.887342586831 39.76 4 0
1 -324.086186876345 -259.846153678406 39.74 4 0
1 -324.053780327928 -259.804964769273 39.56 4 0
1 -324.017109762266 -259.764889073307 39.16 4 0
1 -323.638464829157 -259.379717113562 23.19 4 0
1 -323.608616691086 -259.339641419012 21.64 4 0
1 -323.5830325746 -259.302905363963 20.06 4 0
1 -323.554037242149 -259.260603241663 18.65 4 0
1 -323.531864339458 -259.218301118655 17.47 4 0
1 -323.508838635488 -259.171546140854 16.58 4 0
1 -323.378359638371 -258.716241714761 15.54 4 0
1 -323.36386197323 -258.663920667584 15.53 4 0
1 -323.351069914987 -258.616052475908 15.53 4 0
1 -323.335719444227 -258.562618216272 15.48 4 0
1 -323.322074582535 -258.513636810012 15.17 4 0
1 -323.302460090192 -258.460202550376 14.37 4 0
1 -323.165158663313 -257.988199916864 6.15 4 0
1 -323.15236660507 -257.928086373269 6.11 4 0
1 -323.147249780037 -257.875765327508 6.08 4 0
1 -323.085847901338 -257.335856654691 5.88 4 0
1 -323.082436685373 -257.280195967305 5.86 4 0
1 -323.078172663788 -257.22676170696 5.92 4 0
1 -323.075614253442 -257.171101018866 5.85 4 0
1 -323.068791821511 -257.116553544647 5.82 4 0
1 -323.065380607715 -257.060892856552 5.8 4 0
1 -323.021034804504 -256.553267383283 5.71 4 0
1 -323.015917981641 -256.493153840396 5.73 4 0
1 -323.009948353159 -256.438606366176 5.65 4 0
1 -323.005684333744 -256.379606037164 5.66 4 0
1 -323.000567510881 -256.32617177682 5.66 4 0
1 -322.996303491467 -256.267171447808 5.59 4 0
1 -322.950252079188 -255.703885286445 5.37 4 0
1 -322.945988059773 -255.649337812225 5.32 4 0
1 -322.942576845978 -255.592563910255 5.29 4 0
1 -322.937460020944 -255.538016436744 5.32 4 0
1 -322.905906278146 -255.040409886935 5.14 4 0
1 -322.901642258732 -254.984749198841 5.14 4 0
1 -322.898231042766 -254.931314938497 5.09 4 0
1 -322.893967023352 -254.876767464277 5.1 4 0
1 -322.889703003938 -254.821106776183 5.06 4 0
1 -322.885438982353 -254.765446088797 5.09 4 0
1 -322.859002062418 -254.315707730664 5 4 0
1 -322.855590848623 -254.261160257153 4.97 4 0
1 -322.851326829208 -254.204386355183 4.93 4 0
1 -322.810392239793 -253.597684856936 4.74 4 0
1 -322.803569807862 -253.537571314049 4.7 4 0
1 -322.801011397515 -253.478570985745 4.66 4 0
1 -322.795894574652 -253.4206838699 4.66 4 0
1 -322.754107181787 -252.806189875942 4.46 4 0
1 -322.750695967991 -252.752755615598 4.46 4 0
1 -322.748990361094 -252.708227064839 4.46 4 0
1 -322.746431948577 -252.673717438957 4.45 4 0
1 -322.746431948577 -252.660358873163 4.44 4 0
1 -322.745579142958 -252.662585300913 4.49 4 0
1 -322.746431948577 -252.665924942539 4.47 4 0
1 -322.745579142958 -252.665924942539 4.47 4 0
1 -322.747284752026 -252.668151369581 4.47 4 0
1 -322.746431948577 -252.668151369581 4.47 4 0
1 -322.75154877144 -252.671491011207 4.46 4 0
1 -322.752401574889 -252.672604224374 4.46 4 0
1 -322.752401574889 -252.671491011207 4.46 4 0
1 -322.754107181787 -252.672604224374 4.46 4 0
1 -322.753254380508 -252.672604224374 4.47 4 0
1 -322.761782419337 -252.671491011207 4.46 4 0
