1 -251.268841676465 -503.319129987797 175.79 4 0
1 -251.268841676465 -503.319129987797 175.79 4 0
1 -251.26995489034 -503.319129987797 175.79 4 0
1 -251.268841676465 -503.319129987797 175.78 4 0
1 -251.268841676465 -503.319982793416 175.79 4 0
1 -251.267728463298 -503.320835594695 175.79 4 0
1 -251.265502035548 -503.323394007212 175.79 4 0
1 -251.265502035548 -503.323394007212 175.79 4 0
1 -251.261049180755 -503.325099614109 175.79 4 0
1 -251.261049180755 -503.325099614109 175.79 4 0
1 -251.255483111379 -503.325099614109 175.79 4 0
1 -251.255483111379 -503.325099614109 175.79 4 0
1 -251.255483111379 -503.327658026626 175.78 4 0
1 -251.255483111379 -503.326805223177 175.78 4 0
1 -251.255483111379 -503.327658026626 175.78 4 0
1 -251.258822753005 -503.326805223177 175.78 4 0
1 -251.258822753005 -503.326805223177 175.78 4 0
1 -251.266615248715 -503.325099614109 175.79 4 0
1 -251.272181317383 -503.32424681283 175.72 4 0
1 -251.341200570563 -503.316571575281 174.81 4 0
1 -251.346766639939 -503.315718771832 174.62 4 0
1 -251.351219494732 -503.314865968383 174.41 4 0
1 -251.419125534037 -503.305485123935 172.97 4 0
1 -251.421351961787 -503.304632322656 172.84 4 0
1 -251.433597312998 -503.303779517037 172.68 4 0
1 -251.554937612648 -503.273078577688 170.57 4 0
1 -251.738617882227 -503.235555206408 169.29 4 0
1 -251.770901081067 -503.229585577926 169.18 4 0
1 -251.802071066739 -503.224468755062 169.07 4 0
1 -252.085940574464 -503.169036500506 168.53 4 0
1 -252.122676628096 -503.162214070745 168.51 4 0
1 -252.137148407057 -503.159655658228 168.47 4 0
1 -252.545697856057 -503.076080874669 168.72 4 0
1 -252.574641413979 -503.070964053975 168.71 4 0
1 -252.927530174884 -503.007856564039 169.81 4 0
1 -252.957586946681 -503.002739741176 169.92 4 0
1 -252.996549428064 -502.995917309245 169.98 4 0
1 -253.318268204004 -502.94645468317 171.41 4 0
1 -253.340532479384 -502.942190663756 171.5 4 0
1 -253.36390996793 -502.939632251239 171.62 4 0
1 -253.695647668039 -502.890169625165 173.29 4 0
1 -253.72013837046 -502.888464018267 173.44 4 0
1 -253.743515859007 -502.88590560575 173.53 4 0
1 -253.765780135094 -502.880788782887 173.64 4 0
1 -254.061894994029 -502.839854195641 175.22 4 0
1 -254.087498910326 -502.834737370608 175.35 4 0
1 -254.115329254374 -502.83303176371 175.49 4 0
1 -254.139819956795 -502.827914940847 175.66 4 0
1 -254.449293381524 -502.791244373016 177.15 4 0
1 -254.474897297821 -502.789538766118 177.27 4 0
1 -254.501614428701 -502.788685960499 177.42 4 0
1 -254.846710693188 -502.765660256529 178.89 4 0
1 -254.878993892028 -502.763954647462 179.02 4 0
1 -254.917956373411 -502.763101844013 179.19 4 0
1 -255.404430785176 -502.765660256529 180.5 4 0
1 -255.454525404603 -502.765660256529 180.62 4 0
1 -255.505733237904 -502.765660256529 180.76 4 0
1 -255.556941070498 -502.765660256529 180.77 4 0
1 -256.0590004751 -502.76480745308 180.02 4 0
1 -256.568852375411 -502.758837824598 178.67 4 0
1 -256.618946994838 -502.75798502115 178.52 4 0
1 -256.67015482814 -502.752868196116 178.36 4 0
1 -256.720249447566 -502.752015392667 178.15 4 0
1 -256.769230851702 -502.75030978577 177.93 4 0
1 -257.333630226941 -502.690613511799 175.63 4 0
1 -257.384838060242 -502.683791079868 175.43 4 0
1 -257.436045893544 -502.679527060453 175.22 4 0
1 -257.48725372543 -502.670146218176 175.09 4 0
1 -258.053879528419 -502.595099475615 174.51 4 0
1 -258.108427001931 -502.586571436786 174.48 4 0
1 -258.159634835941 -502.580601810474 174.43 4 0
1 -258.211955881701 -502.572926575094 174.44 4 0
1 -258.760770264104 -502.50043824288 174.97 4 0
1 -258.811978097406 -502.495321417847 175.04 4 0
1 -258.858733075207 -502.484234968672 175.11 4 0
1 -258.906601266883 -502.474001320775 175.2 4 0
1 -259.464321358871 -502.43988916546 176.23 4 0
1 -259.513302764423 -502.434772342597 176.31 4 0
1 -259.564510597016 -502.430508323183 176.39 4 0
1 -260.132249613881 -502.377634481143 176.19 4 0
1 -260.183457446475 -502.374223265177 176.16 4 0
1 -260.233552065901 -502.367400835416 176.15 4 0
1 -260.284759898495 -502.363989617281 176.07 4 0
1 -260.335967731089 -502.358872796588 176 4 0
1 -260.387175564391 -502.352903168105 175.89 4 0
1 -260.915952099164 -502.309410168343 175.1 4 0
1 -260.968273145633 -502.305998952378 175.01 4 0
1 -261.022820619144 -502.301734932963 174.96 4 0
1 -261.077368094072 -502.291501287237 174.84 4 0
1 -261.130802353708 -502.285531660925 174.69 4 0
1 -261.654012819813 -502.221571367539 172.76 4 0
1 -261.702994225365 -502.215601739057 172.56 4 0
1 -261.753088844792 -502.209632112745 172.35 4 0
1 -262.205053629966 -502.13799658398 169.43 4 0
1 -262.255148249393 -502.128615741702 169.09 4 0
1 -262.303016441069 -502.117529290357 168.76 4 0
1 -262.353111059788 -502.109001251528 168.31 4 0
1 -262.935321854906 -501.940146079682 162.39 4 0
1 -262.98096361954 -501.919678786059 161.89 4 0
1 -263.027718597341 -501.904328315299 161.45 4 0
1 -263.070020718933 -501.884713825125 160.98 4 0
1 -263.489702305976 -501.697096968723 156.21 4 0
1 -263.53311764286 -501.6766296751 155.73 4 0
1 -263.573193338118 -501.652751165512 155.23 4 0
1 -263.614382247251 -501.633989478787 154.78 4 0
1 -263.652231514759 -501.611816578266 154.35 4 0
1 -263.691193996142 -501.593054891541 153.96 4 0
1 -264.065233819259 -501.379001113034 150.28 4 0
1 -264.104196299934 -501.355975406894 149.92 4 0
1 -264.140932354274 -501.332096897306 149.56 4 0
1 -264.178781621782 -501.307365584269 149.18 4 0
1 -264.215517675415 -501.285192683748 148.86 4 0
1 -264.551708230316 -501.050671611618 145.7 4 0
1 -264.585104643739 -501.025940298581 145.34 4 0
1 -264.619614270329 -501.001208983374 145.01 4 0
1 -264.651897469169 -500.978183279404 144.7 4 0
1 -264.684180668009 -500.953451966367 144.4 4 0
1 -264.716463866849 -500.930426260227 144.09 4 0
1 -265.030390146371 -500.682260324236 141.08 4 0
1 -265.061560132043 -500.655823404301 140.81 4 0
1 -265.091616903133 -500.631092091263 140.51 4 0
1 -265.123900101973 -500.605507972607 140.22 4 0
1 -265.153956873062 -500.579071052672 139.95 4 0
1 -265.417788534574 -500.341138764577 137.06 4 0
1 -265.444505664746 -500.315554648091 136.78 4 0
1 -265.470109580335 -500.290823335054 136.47 4 0
1 -265.49571349734 -500.265239216398 136.22 4 0
1 -265.718356248301 -500.04436300813 133.48 4 0
1 -265.740620524389 -500.020484498541 133.23 4 0
1 -265.76288479906 -499.996605988953 132.93 4 0
1 -265.785149073732 -499.972727479364 132.67 4 0
1 -265.954357565765 -499.774024171617 130.27 4 0
1 -265.974395413395 -499.747587249512 129.99 4 0
1 -265.994433260315 -499.722855936475 129.71 4 0
1 -266.01558432182 -499.695566210921 129.4 4 0
1 -266.035622169449 -499.669982094435 129.13 4 0
1 -266.228208150029 -499.403054473888 126.3 4 0
1 -266.244906356033 -499.3791759643 126.05 4 0
1 -266.262717775911 -499.354444651262 125.78 4 0
1 -266.277189554873 -499.329713338225 125.56 4 0
1 -266.292774547709 -499.308393241153 125.38 4 0
1 -266.30724632667 -499.286220338463 125.17 4 0
1 -266.450850901699 -499.060227305162 122.95 4 0
1 -266.466435893827 -499.032084776159 122.71 4 0
1 -266.482020885956 -499.006500659673 122.47 4 0
1 -266.497605878792 -498.979210934119 122.23 4 0
1 -266.512077657753 -498.9553324267 122.01 4 0
1 -266.526549436715 -498.928042701147 121.79 4 0
1 -266.676833294286 -498.667084704742 119.47 4 0
1 -266.691305073248 -498.639794981358 119.24 4 0
1 -266.706890065376 -498.611652452355 119.02 4 0
1 -266.721361843629 -498.584362726801 118.75 4 0
1 -266.735833623298 -498.557073003417 118.54 4 0
1 -266.749192187676 -498.530636083482 118.3 4 0
1 -266.864966418658 -498.290145382871 116.23 4 0
1 -266.877211769869 -498.262855657317 115.99 4 0
1 -266.890570335663 -498.236418735212 115.76 4 0
1 -266.902815686874 -498.209129011828 115.55 4 0
1 -266.915061038085 -498.183544895342 115.29 4 0
1 -266.926193176128 -498.157107975407 115.1 4 0
1 -267.031948482942 -497.911500449762 113.03 4 0
1 -267.043080620277 -497.885063529826 112.83 4 0
1 -267.053099544446 -497.856921000824 112.58 4 0
1 -267.063118468614 -497.831336882168 112.39 4 0
1 -267.073137392075 -497.8066055713 112.17 4 0
1 -267.083156315535 -497.780168649195 111.93 4 0
1 -267.164420919927 -497.543941967998 110.12 4 0
1 -267.174439843387 -497.514946635546 109.88 4 0
1 -267.183345553681 -497.486804108713 109.69 4 0
1 -267.191138050099 -497.462925599125 109.46 4 0
1 -267.198930545809 -497.434783067952 109.24 4 0
1 -267.207836256102 -497.410051754915 109.05 4 0
1 -267.284648005701 -497.160180214196 107.18 4 0
1 -267.292440502119 -497.132890488642 106.99 4 0
1 -267.301346211704 -497.102189547122 106.76 4 0
1 -267.309138708123 -497.076605430636 106.58 4 0
1 -267.318044418416 -497.047610098184 106.36 4 0
1 -267.383724029971 -496.796032948397 104.47 4 0
1 -267.391516525681 -496.765332006878 104.22 4 0
1 -267.398195808932 -496.736336674426 104.03 4 0
1 -267.4037618776 -496.709899752321 103.84 4 0
1 -267.409327946268 -496.681757225488 103.63 4 0
1 -267.456082924777 -496.458322602534 101.96 4 0
1 -267.461648993445 -496.43103287698 101.71 4 0
1 -267.467215061405 -496.399479134182 101.53 4 0
1 -267.472781130781 -496.369630998281 101.31 4 0
1 -267.477233985573 -496.342341270558 101.09 4 0
1 -267.483913268116 -496.313345938106 100.83 4 0
1 -267.488366122909 -496.286909018171 100.59 4 0
1 -267.526215391125 -496.061768788319 98.73 4 0
1 -267.530668245917 -496.031920652418 98.51 4 0
1 -267.53512110071 -496.004630926864 98.26 4 0
1 -267.538460742336 -495.97734120348 98.05 4 0
1 -267.541800383961 -495.950904281375 97.82 4 0
1 -267.546253238754 -495.921908948924 97.58 4 0
1 -267.569630728008 -495.665214974103 95.38 4 0
1 -267.571857154343 -495.63792524855 95.15 4 0
1 -267.574083582093 -495.609782721717 94.89 4 0
1 -267.575196795968 -495.582492996163 94.67 4 0
1 -267.577423223719 -495.553497663711 94.44 4 0
1 -267.577423223719 -495.52450233126 94.25 4 0
1 -267.579649651469 -495.494654195359 94.05 4 0
1 -267.587442147887 -495.269513963337 92.44 4 0
1 -267.587442147887 -495.240518630885 92.22 4 0
1 -267.587442147887 -495.212376101883 92.02 4 0
1 -267.587442147887 -495.18423357505 91.79 4 0
1 -267.588555361762 -495.155238242598 91.62 4 0
1 -267.588555361762 -495.127095713595 91.46 4 0
1 -267.589668574929 -495.099805988041 91.24 4 0
1 -267.586328934012 -494.875518561638 89.98 4 0
1 -267.585215720137 -494.845670425738 89.81 4 0
1 -267.585215720137 -494.813263877321 89.62 4 0
1 -267.584102506262 -494.779151719836 89.46 4 0
1 -267.582989292386 -494.740775545106 89.28 4 0
1 -267.581876078511 -494.699840957861 89.1 4 0
1 -267.580762864636 -494.657200763717 88.91 4 0
1 -267.557385376089 -494.268322184881 87.23 4 0
1 -267.555158948339 -494.218006755358 87.03 4 0
1 -267.549592879671 -494.169396932732 86.83 4 0
1 -267.546253238754 -494.119934304488 86.66 4 0
1 -267.542913597128 -494.070471678413 86.54 4 0
1 -267.538460742336 -494.021861855788 86.45 4 0
1 -267.53512110071 -493.972399229713 86.36 4 0
1 -267.530668245917 -493.922936605808 86.29 4 0
1 -267.499498260953 -493.568170182288 85.98 4 0
1 -267.495045405452 -493.519560359662 85.92 4 0
1 -267.491705764535 -493.469244927969 85.86 4 0
1 -267.486139695867 -493.421487910962 85.84 4 0
1 -267.482800054949 -493.37031967582 85.85 4 0
1 -267.444950786733 -492.978029881019 85.86 4 0
1 -267.43827150419 -492.927714451495 85.89 4 0
1 -267.434931863273 -492.876546216353 85.86 4 0
1 -267.428252580022 -492.826230788999 85.87 4 0
1 -267.421573297479 -492.725599927783 85.91 4 0
1 -267.414894014936 -492.677842908606 85.94 4 0
1 -267.379271175178 -492.28128909439 86.33 4 0
1 -267.375931533553 -492.231826468316 86.41 4 0
1 -267.370365464177 -492.18321664569 86.46 4 0
1 -267.364799396217 -492.133754019616 86.51 4 0
1 -267.361459754592 -492.083438590092 86.57 4 0
1 -267.355893685924 -492.03227035495 86.63 4 0
1 -267.352554044298 -491.981102121977 86.67 4 0
1 -267.330289769627 -491.673239914185 87.01 4 0
1 -267.328063341877 -491.63145252349 87.07 4 0
1 -267.324723700959 -491.582842698694 87.12 4 0
1 -267.320270846166 -491.532527269171 87.12 4 0
1 -267.318044418416 -491.476242211165 87.16 4 0
1 -267.313591562915 -491.417398742813 87.2 4 0
1 -267.282421577951 -490.943239773521 87.43 4 0
1 -267.279081937033 -490.900599579377 87.46 4 0
1 -267.276855509283 -490.857106579615 87.44 4 0
1 -267.274629081532 -490.812760778573 87.49 4 0
1 -267.27017622674 -490.765003757226 87.5 4 0
1 -267.266836585114 -490.716393936771 87.53 4 0
1 -267.26461015878 -490.665225701628 87.55 4 0
1 -267.234553386274 -490.170599438713 87.46 4 0
1 -267.232326958524 -490.121136812638 87.44 4 0
1 -267.228987317606 -490.070821383115 87.41 4 0
1 -267.225647676689 -490.020505951421 87.39 4 0
1 -267.221194821188 -489.969337718449 87.36 4 0
1 -267.218968393438 -489.919875092375 87.29 4 0
1 -267.214515539353 -489.869559660681 87.23 4 0
1 -267.182232339805 -489.466183416705 86.94 4 0
1 -267.178892698888 -489.415015183732 86.88 4 0
1 -267.175553057262 -489.366405361107 86.83 4 0
1 -267.172213415637 -489.316089929413 86.78 4 0
1 -267.168873775427 -489.266627305509 86.74 4 0
1 -267.165534133802 -489.217164677264 86.71 4 0
1 -267.135477362004 -488.817199647083 86.47 4 0
1 -267.132137720379 -488.766031411941 86.45 4 0
1 -267.127684866294 -488.715715984588 86.44 4 0
1 -267.12211879621 -488.664547749445 86.4 4 0
1 -267.118779156001 -488.613379516473 86.38 4 0
1 -267.113213086625 -488.562211281331 86.37 4 0
1 -267.109873445707 -488.511043046188 86.31 4 0
1 -267.10430737704 -488.461580422284 86.3 4 0
1 -267.080929887785 -488.16224625115 86.21 4 0
1 -267.077590246867 -488.111078018178 86.2 4 0
1 -267.0720241782 -488.062468195552 86.16 4 0
1 -267.068684536574 -488.01129996041 86.17 4 0
1 -267.035288123859 -487.660797558473 86.21 4 0
1 -267.031948482942 -487.609629323331 86.23 4 0
1 -267.027495627441 -487.561019500705 86.2 4 0
1 -267.024155986523 -487.509851267733 86.21 4 0
1 -267.019703131023 -487.462094248556 86.23 4 0
1 -267.016363490105 -487.411778819033 86.22 4 0
1 -267.010797421437 -487.364021799856 86.25 4 0
1 -267.007457779104 -487.314559173781 86.28 4 0
1 -266.977401008722 -486.967467985641 86.42 4 0
1 -266.974061367097 -486.916299752668 86.45 4 0
1 -266.969608511596 -486.865984323145 86.48 4 0
1 -266.967382085262 -486.814816088003 86.49 4 0
1 -266.964042443636 -486.764500658479 86.51 4 0
1 -266.959589588135 -486.715890835853 86.52 4 0
1 -266.952910305592 -486.668133816677 86.52 4 0
1 -266.927306389296 -486.326159451399 86.55 4 0
1 -266.923966748378 -486.276696827494 86.55 4 0
1 -266.919513893585 -486.229792611767 86.56 4 0
1 -266.91617425196 -486.182888398209 86.57 4 0
1 -266.912834610334 -486.133425772134 86.54 4 0
1 -266.906155327791 -486.086521556406 86.54 4 0
1 -266.902815686874 -486.036206126883 86.53 4 0
1 -266.897249618206 -485.988449107706 86.48 4 0
1 -266.868306060284 -485.649033154945 86.2 4 0
1 -266.862739991616 -485.600423332319 86.18 4 0
1 -266.859400350698 -485.552666315312 86.14 4 0
1 -266.854947495198 -485.504909296136 86.12 4 0
1 -266.850494639697 -485.455446667891 86.17 4 0
1 -266.846041784904 -485.405984043986 86.23 4 0
1 -266.842702143987 -485.356521417912 86.34 4 0
1 -266.840475716236 -485.307058789667 86.49 4 0
1 -266.821551082482 -485.013694247016 89.01 4 0
1 -266.820437868607 -484.964231623111 89.54 4 0
1 -266.818211440857 -484.917327409553 90.02 4 0
1 -266.818211440857 -484.867864781308 90.63 4 0
1 -266.819324654732 -484.818402155234 91.37 4 0
1 -266.818211440857 -484.772350745125 92.13 4 0
1 -266.818211440857 -484.726299335016 92.91 4 0
1 -266.820437868607 -484.676836708941 93.68 4 0
1 -266.821551082482 -484.629932493213 94.47 4 0
1 -266.856060708365 -484.287105324487 99.17 4 0
1 -266.861626778449 -484.23934830748 99.81 4 0
1 -266.870532488034 -484.190738484854 100.47 4 0
1 -266.874985342118 -484.143834269126 100.97 4 0
1 -266.88389105312 -484.09607724995 101.44 4 0
1 -266.890570335663 -484.05002583984 101.86 4 0
1 -266.900589259123 -484.003121626282 102.27 4 0
1 -266.905042114624 -483.962187039037 102.64 4 0
1 -266.911721396459 -483.904196374133 102.87 4 0
1 -266.908381755542 -483.90675478448 102.88 4 0
1 -266.908381755542 -483.90675478448 102.88 4 0
1 -266.905042114624 -483.908460393548 102.88 4 0
1 -266.905042114624 -483.908460393548 102.88 4 0
1 -266.905042114624 -483.909313196997 102.88 4 0
1 -266.902815686874 -483.910166000445 102.87 4 0
1 -266.900589259123 -483.911871609513 102.87 4 0
1 -266.896136403623 -483.91443001986 102.87 4 0
1 -266.896136403623 -483.915282823309 102.86 4 0
1 -266.89390997658 -483.915282823309 102.86 4 0
1 -266.892796762705 -483.915282823309 102.86 4 0
1 -266.892796762705 -483.915282823309 102.86 4 0
1 -266.889457121788 -483.916135628928 102.85 4 0
1 -266.889457121788 -483.916135628928 102.85 4 0
1 -266.888343907913 -483.915282823309 102.85 4 0
1 -266.887230694037 -483.915282823309 102.84 4 0
1 -266.887230694037 -483.915282823309 102.84 4 0
1 -266.886117480162 -483.915282823309 102.84 4 0
1 -266.882777838537 -483.91443001986 102.83 4 0
1 -266.882777838537 -483.91443001986 102.83 4 0
1 -266.882777838537 -483.913577216411 102.83 4 0
1 -266.88166462537 -483.91443001986 102.82 4 0
1 -266.88166462537 -483.913577216411 102.82 4 0
1 -266.880551412203 -483.913577216411 102.82 4 0
1 -266.880551412203 -483.912724412962 102.82 4 0
1 -266.880551412203 -483.912724412962 102.82 4 0
1 -266.877211769869 -483.911018803894 102.81 4 0
1 -266.876098556702 -483.910166000445 102.81 4 0
1 -266.876098556702 -483.910166000445 102.81 4 0
1 -266.876098556702 -483.910166000445 102.81 4 0
1 -266.876098556702 -483.909313196997 102.81 4 0
1 -266.874985342118 -483.908460393548 102.81 4 0
1 -266.874985342118 -483.909313196997 102.85 4 0
1 -266.874985342118 -483.908460393548 102.87 4 0
1 -266.873872128951 -483.908460393548 102.87 4 0
1 -266.872758915784 -483.905901981031 102.87 4 0
1 -266.872758915784 -483.90675478448 102.87 4 0
1 -266.872758915784 -483.90675478448 102.87 4 0
1 -266.872758915784 -483.905901981031 102.87 4 0
1 -266.872758915784 -483.905901981031 102.87 4 0
1 -266.872758915784 -483.905901981031 102.87 4 0
1 -266.872758915784 -483.905901981031 102.87 4 0
1 -266.872758915784 -483.905049177582 102.87 4 0
1 -266.872758915784 -483.905049177582 102.87 4 0
1 -266.872758915784 -483.904196374133 102.87 4 0
1 -266.872758915784 -483.905049177582 102.87 4 0
1 -266.872758915784 -483.904196374133 102.87 4 0
1 -266.872758915784 -483.905049177582 102.87 4 0
1 -266.872758915784 -483.904196374133 102.87 4 0
1 -266.871645701909 -483.903343568515 102.87 4 0
1 -266.871645701909 -483.904196374133 102.87 4 0
1 -266.871645701909 -483.905049177582 102.87 4 0
1 -266.870532488034 -483.903343568515 102.87 4 0
1 -266.871645701909 -483.904196374133 102.87 4 0
1 -266.871645701909 -483.905049177582 102.87 4 0
1 -266.871645701909 -483.904196374133 102.87 4 0
1 -266.871645701909 -483.904196374133 102.87 4 0
1 -266.871645701909 -483.904196374133 102.87 4 0
1 -266.872758915784 -483.905049177582 102.87 4 0
1 -266.872758915784 -483.904196374133 102.87 4 0
1 -266.873872128951 -483.904196374133 102.87 4 0
1 -266.874985342118 -483.904196374133 102.87 4 0
1 -266.874985342118 -483.904196374133 102.87 4 0
1 -266.874985342118 -483.904196374133 102.87 4 0
1 -266.874985342118 -483.904196374133 102.87 4 0
1 -266.874985342118 -483.903343568515 102.88 4 0
1 -266.876098556702 -483.905901981031 102.87 4 0
1 -266.876098556702 -483.90675478448 102.87 4 0
1 -266.876098556702 -483.905901981031 102.87 4 0
1 -266.876098556702 -483.905901981031 102.87 4 0
1 -266.877211769869 -483.90675478448 102.87 4 0
1 -266.877211769869 -483.908460393548 102.87 4 0
1 -266.877211769869 -483.909313196997 102.87 4 0
1 -266.876098556702 -483.911018803894 102.87 4 0
1 -266.876098556702 -483.910166000445 102.87 4 0
1 -266.876098556702 -483.910166000445 102.87 4 0
1 -266.876098556702 -483.911018803894 102.87 4 0
1 -266.874985342118 -483.911871609513 102.87 4 0
1 -266.874985342118 -483.911871609513 102.87 4 0
1 -266.876098556702 -483.911871609513 102.87 4 0
