0   -1.457  -167.555  82.269  0  0.0000000  1.2000000
0   -1.452  -167.515  82.329  0  0.0150482  1.2000000
0   -1.446  -167.475  82.384  0  0.0200643  1.2000000
0   -1.441  -167.435  82.437  0  0.0217363  1.2000000
0   -1.436  -167.396  82.491  0  0.0222937  1.2000000
0   -1.430  -167.356  82.546  0  0.0224795  1.2000000
0   -1.425  -167.316  82.602  0  0.0225414  1.2000000
0   -1.420  -167.276  82.658  0  0.0225620  1.2000000
0   -1.415  -167.236  82.713  0  0.0225689  1.2000000
0   -1.410  -167.197  82.766  0  0.0225712  1.2000000
0   -1.405  -167.157  82.816  0  0.0225720  1.2000000
0   -1.400  -167.117  82.862  0  0.0225722  1.2000000
0   -1.395  -167.077  82.905  0  0.0225723  1.2000000
0   -1.390  -167.038  82.944  0  0.0217070  1.2000000
0   -1.385  -166.998  82.980  0  0.0207036  1.2000000
0   -1.380  -166.958  83.014  0  0.0207895  1.2000000
0   -1.375  -166.918  83.048  0  0.0214674  1.2000000
0   -1.370  -166.879  83.081  0  0.0225490  1.2000000
0   -1.365  -166.839  83.116  0  0.0239440  1.2000000
0   -1.361  -166.799  83.154  0  0.0255899  1.2000000
0   -1.356  -166.759  83.197  0  0.0274285  1.2000000
0   -1.351  -166.719  83.247  0  0.0293992  1.2000000
0   -1.346  -166.679  83.305  0  0.0314382  1.2000000
0   -1.342  -166.639  83.379  0  0.0334650  1.2000000
0   -1.337  -166.600  83.454  0  0.0354045  1.2000000
0   -1.332  -166.560  83.557  0  0.0371637  1.2000000
0   -1.328  -166.519  83.675  0  0.0386194  1.2000000
0   -1.323  -166.479  83.806  0  0.0396647  1.2000000
0   -1.319  -166.439  83.960  0  0.0401895  1.2000000
0   -1.315  -166.399  84.102  0  0.0401299  1.2000000
0   -1.311  -166.359  84.229  0  0.0395035  1.2000000
0   -1.307  -166.318  84.342  0  0.0383664  1.2000000
0   -1.303  -166.278  84.438  0  0.0367930  1.2000000
0   -1.299  -166.238  84.521  0  0.0348633  1.2000000
0   -1.295  -166.198  84.594  0  0.0326547  1.2000000
0   -1.291  -166.158  84.657  0  0.0302378  1.2000000
0   -1.287  -166.118  84.713  0  0.0276849  1.2000000
0   -1.284  -166.078  84.761  0  0.0250623  1.2000000
0   -1.280  -166.038  84.802  0  0.0224450  1.2000000
0   -1.276  -165.998  84.835  0  0.0199235  1.2000000
0   -1.273  -165.958  84.862  0  0.0175801  1.2000000
0   -1.269  -165.919  84.884  0  0.0154967  1.2000000
0   -1.266  -165.879  84.903  0  0.0137312  1.2000000
0   -1.262  -165.839  84.919  0  0.0122977  1.2000000
0   -1.259  -165.799  84.935  0  0.0111879  1.2000000
0   -1.255  -165.759  84.950  0  0.0103830  1.2000000
0   -1.251  -165.719  84.965  0  0.0098622  1.2000000
0   -1.248  -165.679  84.980  0  0.0096078  1.2000000
0   -1.244  -165.639  84.994  0  0.0096082  1.2000000
0   -1.241  -165.599  85.010  0  0.0098568  1.2000000
0   -1.237  -165.560  85.026  0  0.0103499  1.2000000
0   -1.234  -165.520  85.045  0  0.0110854  1.2000000
0   -1.231  -165.480  85.065  0  0.0120634  1.2000000
0   -1.227  -165.440  85.089  0  0.0132872  1.2000000
0   -1.224  -165.400  85.116  0  0.0147657  1.2000000
0   -1.220  -165.360  85.147  0  0.0164814  1.2000000
0   -1.217  -165.321  85.182  0  0.0183811  1.2000000
0   -1.214  -165.281  85.221  0  0.0204047  1.2000000
0   -1.210  -165.241  85.264  0  0.0224927  1.2000000
0   -1.207  -165.201  85.313  0  0.0245887  1.2000000
0   -1.204  -165.161  85.367  0  0.0266378  1.2000000
0   -1.200  -165.121  85.429  0  0.0285855  1.2000000
0   -1.197  -165.082  85.498  0  0.0303765  1.2000000
0   -1.194  -165.042  85.576  0  0.0319547  1.2000000
0   -1.191  -165.002  85.666  0  0.0332589  1.2000000
0   -1.188  -164.962  85.769  0  0.0342224  1.2000000
0   -1.185  -164.922  85.887  0  0.0347741  1.2000000
0   -1.182  -164.883  86.021  0  0.0348367  1.2000000
0   -1.179  -164.843  86.137  0  0.0343887  1.2000000
0   -1.177  -164.803  86.237  0  0.0334838  1.2000000
0   -1.174  -164.763  86.324  0  0.0321949  1.2000000
0   -1.172  -164.723  86.398  0  0.0305962  1.2000000
0   -1.169  -164.684  86.462  0  0.0287575  1.2000000
0   -1.167  -164.644  86.517  0  0.0267422  1.2000000
0   -1.164  -164.604  86.564  0  0.0246090  1.2000000
0   -1.162  -164.564  86.605  0  0.0224108  1.2000000
0   -1.159  -164.524  86.642  0  0.0201969  1.2000000
0   -1.157  -164.484  86.672  0  0.0180191  1.2000000
0   -1.155  -164.444  86.699  0  0.0159289  1.2000000
0   -1.152  -164.404  86.724  0  0.0139777  1.2000000
1   -1.150  -164.364  86.746  0  0.0122120  1.2000000
1   -1.148  -164.325  86.764  0  0.0106646  1.2000000
1   -1.146  -164.285  86.781  0  0.0093205  1.2000000
1   -1.143  -164.245  86.796  0  0.0081411  1.2000000
1   -1.141  -164.205  86.809  0  0.0071112  1.2000000
1   -1.139  -164.165  86.822  0  0.0062119  1.2000000
1   -1.137  -164.125  86.832  0  0.0054152  1.2000000
1   -1.135  -164.085  86.842  0  0.0046984  1.2000000
1   -1.132  -164.045  86.849  0  0.0040500  1.2000000
1   -1.130  -164.005  86.855  0  0.0034662  1.2000000
1   -1.128  -163.965  86.860  0  0.0029411  1.2000000
1   -1.126  -163.926  86.865  0  0.0024647  1.2000000
1   -1.124  -163.886  86.870  0  0.0020239  1.2000000
1   -1.121  -163.846  86.866  0  0.0016215  1.2000000
1   -1.119  -163.806  86.882  0  0.0012344  1.2000000
1   -1.117  -163.766  86.871  0  0.0008609  1.2000000
1   -1.115  -163.726  86.871  0  0.0005252  1.2000000
1   -1.113  -163.686  86.877  0  0.0002848  1.2000000
1   -1.110  -163.646  86.878  0  0.0002869  1.2000000
1   -1.108  -163.607  86.873  0  0.0005037  1.2000000
1   -1.106  -163.567  86.869  0  0.0007771  1.2000000
1   -1.104  -163.527  86.867  0  0.0010732  1.2000000
1   -1.102  -163.487  86.867  0  0.0014076  1.2000000
1   -1.100  -163.447  86.866  0  0.0017768  1.2000000
1   -1.097  -163.408  86.863  0  0.0021804  1.2000000
1   -1.095  -163.368  86.857  0  0.0026254  1.2000000
1   -1.093  -163.328  86.850  0  0.0031251  1.2000000
1   -1.091  -163.289  86.842  0  0.0036679  1.2000000
1   -1.089  -163.249  86.835  0  0.0042443  1.2000000
1   -1.087  -163.210  86.827  0  0.0048594  1.2000000
1   -1.084  -163.170  86.819  0  0.0054955  1.2000000
1   -1.082  -163.131  86.809  0  0.0061427  1.2000000
1   -1.080  -163.092  86.790  0  0.0067890  1.2000000
1   -1.078  -163.052  86.787  0  0.0074439  1.2000000
1   -1.076  -163.013  86.756  0  0.0080841  1.2000000
1   -1.073  -162.974  86.735  0  0.0086621  1.2000000
1   -1.071  -162.936  86.718  0  0.0091867  1.2000000
1   -1.069  -162.897  86.692  0  0.0096544  1.2000000
1   -1.067  -162.859  86.656  0  0.0100379  1.2000000
1   -1.065  -162.821  86.618  0  0.0103213  1.2000000
1   -1.062  -162.782  86.589  0  0.0105156  1.2000000
1   -1.060  -162.744  86.565  0  0.0106520  1.2000000
1   -1.058  -162.706  86.542  0  0.0107608  1.2000000
1   -1.055  -162.667  86.519  0  0.0108656  1.2000000
1   -1.053  -162.628  86.496  0  0.0109821  1.2000000
1   -1.051  -162.589  86.473  0  0.0110904  1.2000000
1   -1.048  -162.551  86.452  0  0.0111294  1.2000000
1   -1.046  -162.512  86.433  0  0.0110823  1.2000000
1   -1.043  -162.473  86.415  0  0.0109698  1.2000000
1   -1.041  -162.435  86.394  0  0.0107882  1.2000000
1   -1.039  -162.396  86.376  0  0.0105454  1.2000000
1   -1.036  -162.358  86.351  0  0.0102580  1.2000000
1   -1.034  -162.320  86.324  0  0.0099266  1.2000000
1   -1.031  -162.282  86.295  0  0.0095410  1.2000000
1   -1.029  -162.244  86.262  0  0.0090809  1.2000000
1   -1.026  -162.206  86.224  0  0.0085221  1.2000000
1   -1.024  -162.169  86.181  0  0.0078419  1.2000000
1   -1.021  -162.132  86.135  0  0.0070249  1.2000000
1   -1.019  -162.095  86.133  0  0.0061431  1.2000000
1   -1.016  -162.058  86.147  0  0.0053281  1.2000000
1   -1.014  -162.021  86.159  0  0.0046514  1.2000000
1   -1.011  -161.984  86.166  0  0.0041323  1.2000000
1   -1.009  -161.946  86.171  0  0.0037764  1.2000000
1   -1.006  -161.908  86.174  0  0.0035858  1.2000000
1   -1.004  -161.870  86.174  0  0.0035278  1.2000000
1   -1.001  -161.831  86.173  0  0.0035474  1.2000000
1   -0.999  -161.793  86.169  0  0.0036154  1.2000000
1   -0.996  -161.754  86.164  0  0.0037247  1.2000000
1   -0.993  -161.716  86.157  0  0.0038769  1.2000000
1   -0.991  -161.677  86.147  0  0.0040756  1.2000000
1   -0.988  -161.638  86.134  0  0.0043204  1.2000000
1   -0.986  -161.599  86.118  0  0.0045684  1.2000000
1   -0.983  -161.561  86.098  0  0.0047477  1.2000000
1   -0.980  -161.522  86.074  0  0.0048136  1.2000000
1   -0.978  -161.483  86.046  0  0.0047462  1.2000000
1   -0.975  -161.445  86.013  0  0.0045417  1.2000000
1   -0.972  -161.406  85.975  0  0.0041655  1.2000000
1   -0.970  -161.368  85.976  0  0.0037176  1.2000000
1   -0.967  -161.330  85.990  0  0.0033283  1.2000000
1   -0.964  -161.292  86.002  0  0.0029990  1.2000000
2   -0.962  -161.253  86.010  0  0.0027879  1.2000000
2   -0.959  -161.215  86.017  0  0.0027438  1.2000000
2   -0.956  -161.176  86.020  0  0.0028216  1.2000000
2   -0.954  -161.138  86.022  0  0.0029921  1.2000000
2   -0.951  -161.099  86.021  0  0.0032440  1.2000000
2   -0.948  -161.060  86.017  0  0.0035361  1.2000000
2   -0.945  -161.021  86.010  0  0.0038662  1.2000000
2   -0.943  -160.983  86.002  0  0.0042606  1.2000000
2   -0.940  -160.944  85.981  0  0.0047120  1.2000000
2   -0.937  -160.905  85.997  0  0.0052384  1.2000000
2   -0.935  -160.867  85.923  0  0.0056831  1.2000000
2   -0.932  -160.828  85.936  0  0.0059249  1.2000000
2   -0.929  -160.790  85.931  0  0.0060439  1.2000000
2   -0.926  -160.752  85.872  0  0.0059651  1.2000000
2   -0.924  -160.714  85.830  0  0.0056176  1.2000000
2   -0.921  -160.675  85.835  0  0.0050949  1.2000000
2   -0.918  -160.637  85.806  0  0.0044363  1.2000000
2   -0.915  -160.598  85.809  0  0.0036254  1.2000000
2   -0.912  -160.559  85.817  0  0.0026967  1.2000000
2   -0.910  -160.520  85.805  0  0.0016178  1.2000000
2   -0.907  -160.481  85.781  0  0.0010592  1.2000000
2   -0.904  -160.441  85.767  0  0.0016807  1.2000000
2   -0.901  -160.402  85.776  0  0.0031074  1.1838089
2   -0.898  -160.363  85.803  0  0.0047947  1.1670497
2   -0.895  -160.324  85.834  0  0.0065270  1.1500291
2   -0.892  -160.284  85.856  0  0.0083207  1.1327449
2   -0.889  -160.245  85.865  0  0.0101847  1.1151938
2   -0.887  -160.206  85.869  0  0.0121553  1.0973691
2   -0.884  -160.166  85.880  0  0.0143334  1.0792611
2   -0.881  -160.127  85.905  0  0.0167618  1.0608585
2   -0.878  -160.088  85.949  0  0.0194301  1.0421503
2   -0.875  -160.048  86.009  0  0.0223443  1.0231256
2   -0.873  -160.009  86.078  0  0.0254897  1.0037744
2   -0.870  -159.970  86.149  0  0.0288632  0.9840861
2   -0.867  -159.931  86.215  0  0.0325318  0.9639557
2   -0.865  -159.892  86.277  0  0.0366398  0.9433630
2   -0.862  -159.853  86.341  0  0.0413705  0.9222839
2   -0.860  -159.813  86.411  0  0.0469035  0.9006906
2   -0.857  -159.774  86.495  0  0.0533939  0.8785515
2   -0.855  -159.735  86.596  0  0.0609810  0.8558314
2   -0.852  -159.695  86.717  0  0.0698017  0.8324905
2   -0.850  -159.656  86.858  0  0.0797717  0.8084837
2   -0.848  -159.617  87.020  0  0.0905261  0.7837591
2   -0.846  -159.578  87.202  0  0.1016296  0.7582561
2   -0.844  -159.538  87.407  0  0.1126263  0.7319050
2   -0.842  -159.499  87.637  0  0.1401918  0.7046172
2   -0.841  -159.460  87.899  0  0.1697278  0.6762971
2   -0.839  -159.421  88.200  0  0.1795732  0.6468161
2   -0.838  -159.382  88.550  0  0.1828550  0.6160218
2   -0.837  -159.344  88.958  0  0.1839489  0.5837259
2   -0.836  -159.305  89.436  0  0.1843135  0.5496833
2   -0.836  -159.267  89.998  0  0.1844351  0.5135689
2   -0.836  -159.228  90.658  0  0.1844756  0.4749389
2   -0.836  -159.190  91.403  0  0.1844891  0.4331576
2   -0.837  -159.153  91.976  0  0.1844936  0.3870097
2   -0.839  -159.115  92.384  0  0.1844951  0.3347399
2   -0.840  -159.077  92.636  0  0.1844956  0.2729180
2   -0.842  -159.040  92.734  0  0.1229972  0.1926609
2   -0.844  -159.003  92.734  0  0.0000000  0.0000000
