0   1.878  -161.388  258.194  0  0.0000000  1.1852972
0   1.872  -161.416  258.245  0  0.0261217  1.1732037
0   1.867  -161.444  258.299  0  0.0348290  1.1608896
0   1.861  -161.473  258.324  0  0.0377314  1.1482944
0   1.855  -161.502  258.414  0  0.0386989  1.1354345
0   1.849  -161.531  258.445  0  0.0390214  1.1222609
0   1.843  -161.560  258.459  0  0.0391289  1.1088019
0   1.837  -161.590  258.489  0  0.0391647  1.0950473
0   1.831  -161.620  258.485  0  0.0391766  1.0810450
0   1.824  -161.650  258.383  0  0.0391806  1.0667321
0   1.818  -161.680  258.292  0  0.0391819  1.0522110
0   1.812  -161.710  258.192  0  0.0391824  1.0374012
0   1.806  -161.741  257.994  0  0.0391825  1.0222005
0   1.799  -161.772  257.853  0  0.0391826  1.0067254
0   1.792  -161.803  257.647  0  0.0391826  0.9907631
0   1.785  -161.834  257.434  0  0.0391826  0.9744033
0   1.778  -161.866  257.184  0  0.0391826  0.9575087
0   1.771  -161.898  257.025  0  0.0340645  0.9401458
0   1.764  -161.930  256.824  0  0.0326989  0.9223442
0   1.756  -161.963  256.786  0  0.0437514  0.9040128
0   1.748  -161.996  256.754  0  0.0600295  0.8851524
0   1.740  -162.029  256.797  0  0.0789336  0.8658542
0   1.733  -162.062  256.893  0  0.0994190  0.8459350
0   1.725  -162.095  257.070  0  0.1208637  0.8254542
0   1.717  -162.129  257.216  0  0.1428815  0.8044056
0   1.710  -162.162  257.542  0  0.1651429  0.7826441
0   1.702  -162.196  257.944  0  0.1872252  0.7601519
0   1.695  -162.230  258.450  0  0.2088156  0.7369913
0   1.688  -162.264  258.948  0  0.2298304  0.7131183
0   1.681  -162.298  259.556  0  0.2500943  0.6883650
0   1.675  -162.332  260.156  0  0.2694277  0.6626737
0   1.669  -162.367  260.900  0  0.2877053  0.6357956
0   1.663  -162.401  261.655  0  0.3046058  0.6075809
0   1.658  -162.436  262.491  0  0.3197948  0.5787399
0   1.654  -162.471  263.347  0  0.3330749  0.5556777
0   1.650  -162.506  264.283  0  0.3442364  0.5376701
0   1.646  -162.541  265.221  0  0.3530979  0.5241836
0   1.643  -162.577  266.083  0  0.3597744  0.5144611
0   1.641  -162.613  266.861  0  0.3644770  0.5078267
0   1.639  -162.648  267.674  0  0.3672598  0.5039807
0   1.637  -162.684  268.360  0  0.3682263  0.5026586
0   1.636  -162.720  269.003  0  0.3676477  0.5034492
0   1.636  -162.756  269.670  0  0.3657522  0.5060570
0   1.635  -162.791  270.440  0  0.3626328  0.5104080
0   1.636  -162.827  271.245  0  0.3582820  0.5166029
0   1.637  -162.862  272.130  0  0.3525427  0.5250086
0   1.638  -162.898  272.933  0  0.3453031  0.5360100
0   1.640  -162.933  273.792  0  0.3365932  0.5498725
0   1.642  -162.968  274.661  0  0.3264286  0.5669852
0   1.645  -163.004  275.385  0  0.3149975  0.5875486
0   1.648  -163.039  276.042  0  0.3025768  0.6116528
0   1.652  -163.073  276.745  0  0.2893146  0.6396730
0   1.656  -163.108  277.274  0  0.2755179  0.6716835
0   1.660  -163.142  277.785  0  0.2615550  0.7075153
0   1.665  -163.176  278.293  0  0.2474530  0.7478053
0   1.670  -163.210  278.675  0  0.2332943  0.7931541
0   1.675  -163.243  278.875  0  0.2195317  0.8428353
0   1.680  -163.275  279.076  0  0.2064784  0.8960709
0   1.685  -163.307  279.289  0  0.1940910  0.9532059
0   1.690  -163.339  279.552  0  0.1822577  1.0150309
0   1.695  -163.370  279.823  0  0.1709313  1.0822171
0   1.701  -163.401  280.139  0  0.1601722  1.1548277
0   1.706  -163.431  280.288  0  0.1503264  1.2000000
0   1.712  -163.461  280.432  0  0.1418130  1.2000000
0   1.717  -163.491  280.601  0  0.1348489  1.2000000
0   1.723  -163.521  280.827  0  0.1294447  1.2000000
0   1.728  -163.550  280.924  0  0.1255446  1.2000000
0   1.734  -163.579  281.030  0  0.1231845  1.2000000
0   1.740  -163.608  281.166  0  0.1223844  1.2000000
0   1.745  -163.637  281.384  0  0.1228867  1.2000000
0   1.751  -163.665  281.490  0  0.1244512  1.2000000
0   1.757  -163.693  281.632  0  0.1270920  1.2000000
0   1.763  -163.722  281.800  0  0.1306611  1.2000000
0   1.768  -163.750  282.051  0  0.1346712  1.2000000
0   1.774  -163.778  282.257  0  0.1386886  1.2000000
0   1.780  -163.805  282.496  0  0.1426227  1.2000000
0   1.786  -163.833  282.659  0  0.1465996  1.1904704
0   1.793  -163.860  282.859  0  0.1507392  1.1785951
0   1.799  -163.888  283.110  0  0.1549509  1.1665135
0   1.805  -163.916  283.450  0  0.1588337  1.1543541
1   1.812  -163.943  283.836  0  0.1618590  1.1420127
1   1.819  -163.970  284.304  0  0.1637503  1.1296226
1   1.826  -163.998  284.629  0  0.1646529  1.1234368
1   1.833  -164.025  284.965  0  0.1648696  1.1219620
1   1.840  -164.052  285.301  0  0.1644682  1.1246974
1   1.847  -164.079  285.695  0  0.1633687  1.1185285
1   1.855  -164.106  285.955  0  0.1617039  1.1058972
1   1.863  -164.133  286.228  0  0.1597217  1.0932152
1   1.870  -164.160  286.469  0  0.1575958  1.0803041
1   1.878  -164.187  286.763  0  0.1554189  1.0673085
1   1.886  -164.213  286.914  0  0.1534089  1.0541035
1   1.895  -164.240  287.091  0  0.1518762  1.0408345
1   1.903  -164.267  287.280  0  0.1509367  1.0273227
1   1.911  -164.293  287.535  0  0.1505148  1.0137147
1   1.919  -164.320  287.689  0  0.1506004  0.9998696
1   1.928  -164.346  287.869  0  0.1514334  0.9859464
1   1.936  -164.373  287.911  0  0.1534442  0.9717465
1   1.945  -164.399  287.986  0  0.1570395  0.9574329
1   1.953  -164.425  288.131  0  0.1622157  0.9428070
1   1.962  -164.452  288.343  0  0.1686225  0.9280236
1   1.971  -164.478  288.667  0  0.1757109  0.9129548
1   1.980  -164.504  288.971  0  0.1830634  0.8977186
1   1.989  -164.530  289.223  0  0.1906187  0.8822267
1   1.998  -164.556  289.486  0  0.1984595  0.8665742
1   2.007  -164.582  289.815  0  0.2064738  0.8505861
1   2.016  -164.607  290.243  0  0.2143122  0.8344494
1   2.025  -164.633  290.595  0  0.2217863  0.8179376
1   2.035  -164.658  290.981  0  0.2288495  0.8012337
1   2.045  -164.684  291.385  0  0.2354193  0.7841127
1   2.054  -164.709  291.874  0  0.2413292  0.7667666
1   2.064  -164.734  292.312  0  0.2464505  0.7508450
1   2.075  -164.759  292.790  0  0.2508151  0.7377887
1   2.085  -164.783  293.324  0  0.2543814  0.7274529
1   2.096  -164.808  293.911  0  0.2568548  0.7204528
1   2.107  -164.833  294.440  0  0.2579817  0.7173082
1   2.118  -164.857  294.900  0  0.2580556  0.7171027
1   2.129  -164.881  295.280  0  0.2575938  0.7183876
1   2.140  -164.906  295.638  0  0.2569781  0.7201075
1   2.152  -164.930  295.885  0  0.2565389  0.7213393
1   2.164  -164.954  296.157  0  0.2563360  0.7219099
1   2.176  -164.978  296.535  0  0.2560368  0.7227529
1   2.188  -165.002  296.900  0  0.2555357  0.7241693
1   2.200  -165.027  297.205  0  0.2550655  0.7255032
1   2.212  -165.050  297.502  0  0.2548770  0.7260395
1   2.225  -165.074  297.848  0  0.2550156  0.7256450
1   2.237  -165.098  298.275  0  0.2552638  0.7249399
1   2.250  -165.122  298.603  0  0.2555649  0.7240866
1   2.263  -165.145  298.925  0  0.2561150  0.7225325
1   2.276  -165.169  299.376  0  0.2567694  0.7206923
1   2.289  -165.193  299.890  0  0.2571511  0.7196232
1   2.303  -165.216  300.301  0  0.2573269  0.7191320
1   2.316  -165.239  300.709  0  0.2574437  0.7188061
1   2.330  -165.263  301.279  0  0.2571808  0.7195401
1   2.344  -165.286  301.825  0  0.2562973  0.7220188
1   2.359  -165.309  302.293  0  0.2549027  0.7259662
1   2.373  -165.332  302.756  0  0.2530737  0.7312091
1   2.388  -165.356  303.061  0  0.2510687  0.7370441
1   2.403  -165.379  303.361  0  0.2492135  0.7425266
1   2.419  -165.402  303.774  0  0.2474790  0.7477270
1   2.434  -165.426  304.125  0  0.2458384  0.7527132
1   2.450  -165.449  304.611  0  0.2442328  0.7576578
1   2.467  -165.472  305.044  0  0.2425659  0.7628605
1   2.483  -165.496  305.436  0  0.2409036  0.7681204
1   2.500  -165.520  305.773  0  0.2392506  0.7734233
1   2.518  -165.545  306.230  0  0.2374332  0.7793385
1   2.536  -165.569  306.547  0  0.2354798  0.7857986
1   2.554  -165.593  306.851  0  0.2335721  0.7922115
1   2.572  -165.618  307.231  0  0.2316127  0.7989080
1   2.591  -165.643  307.492  0  0.2295796  0.8059773
1   2.609  -165.667  307.779  0  0.2275819  0.8130461
1   2.628  -165.691  308.243  0  0.2254990  0.8205501
1   2.647  -165.715  308.681  0  0.2231857  0.8290482
1   2.666  -165.738  309.166  0  0.2205130  0.8390880
1   2.685  -165.762  309.689  0  0.2172795  0.8515643
1   2.705  -165.786  310.065  0  0.2135453  0.8664426
1   2.724  -165.809  310.514  0  0.2095995  0.8827393
1   2.745  -165.833  311.030  0  0.2056592  0.8996367
1   2.765  -165.856  311.611  0  0.2018473  0.9166109
1   2.786  -165.880  312.131  0  0.1982596  0.9166291
1   2.808  -165.904  312.536  0  0.1952006  0.8988407
2   2.830  -165.928  312.846  0  0.1930946  0.8806382
2   2.852  -165.952  313.210  0  0.1921260  0.8618210
2   2.875  -165.976  313.461  0  0.1924985  0.8424058
2   2.898  -166.000  313.587  0  0.1945913  0.8225325
2   2.921  -166.024  313.778  0  0.1986144  0.8020064
2   2.944  -166.048  313.933  0  0.2046226  0.7808237
2   2.967  -166.073  313.987  0  0.2127626  0.7590924
2   2.990  -166.097  314.193  0  0.2230493  0.7365786
2   3.014  -166.121  314.457  0  0.2352303  0.7132656
2   3.037  -166.145  314.646  0  0.2491778  0.6892840
2   3.061  -166.169  314.978  0  0.2647469  0.6643593
2   3.085  -166.193  315.290  0  0.2816193  0.6384084
2   3.109  -166.217  315.793  0  0.2993934  0.6110533
2   3.134  -166.241  316.496  0  0.3174754  0.5821588
2   3.159  -166.265  317.267  0  0.3354432  0.5517567
2   3.184  -166.288  318.010  0  0.3531852  0.5240540
2   3.210  -166.311  318.950  0  0.3703376  0.4997943
2   3.236  -166.333  319.913  0  0.3864423  0.4789758
2   3.261  -166.355  320.807  0  0.4014925  0.4610293
2   3.288  -166.377  321.881  0  0.4153213  0.4456855
2   3.315  -166.398  322.978  0  0.4275404  0.4329532
2   3.341  -166.418  324.012  0  0.4380961  0.4225259
2   3.369  -166.438  325.164  0  0.4468661  0.4142370
2   3.397  -166.457  326.260  0  0.4535721  0.4081151
2   3.425  -166.476  327.267  0  0.4582167  0.4039800
2   3.453  -166.494  328.237  0  0.4609364  0.4015973
2   3.482  -166.512  329.121  0  0.4618142  0.4008343
2   3.511  -166.529  329.972  0  0.4609839  0.4015560
2   3.541  -166.547  330.798  0  0.4585551  0.4036819
2   3.571  -166.564  331.573  0  0.4546939  0.4071086
2   3.601  -166.580  332.306  0  0.4497226  0.4116070
2   3.632  -166.596  333.146  0  0.4437771  0.4171192
2   3.662  -166.611  333.975  0  0.4367931  0.4237858
2   3.693  -166.627  334.748  0  0.4288906  0.4315908
2   3.725  -166.641  335.656  0  0.4201139  0.4406034
2   3.756  -166.655  336.593  0  0.4102580  0.4511834
2   3.788  -166.669  337.498  0  0.3993400  0.4635131
2   3.819  -166.682  338.507  0  0.3874033  0.4777881
2   3.852  -166.695  339.493  0  0.3743940  0.4943819
2   3.884  -166.707  340.422  0  0.3604620  0.5134802
2   3.916  -166.719  341.261  0  0.3459374  0.5350278
2   3.949  -166.730  342.023  0  0.3311484  0.5589085
2   3.982  -166.741  342.700  0  0.3163486  0.5850408
2   4.016  -166.751  343.321  0  0.3017142  0.6134004
2   4.050  -166.761  343.837  0  0.2874174  0.6438927
2   4.084  -166.771  344.300  0  0.2736183  0.6763433
2   4.117  -166.780  344.726  0  0.2603708  0.7107309
2   4.151  -166.790  345.083  0  0.2477456  0.7469228
2   4.185  -166.799  345.394  0  0.2358799  0.7844665
2   4.219  -166.808  345.696  0  0.2249040  0.8227191
2   4.253  -166.816  345.920  0  0.2149039  0.8609697
2   4.287  -166.825  346.139  0  0.2059821  0.8982277
2   4.320  -166.833  346.339  0  0.1982615  0.9331735
2   4.354  -166.841  346.550  0  0.1917666  0.9647485
2   4.388  -166.849  346.743  0  0.1865120  0.9919012
2   4.421  -166.857  347.040  0  0.1824292  1.0140777
2   4.455  -166.865  347.357  0  0.1792809  1.0318670
2   4.488  -166.872  347.820  0  0.1766741  1.0470762
2   4.522  -166.880  348.323  0  0.1741260  1.0623825
2   4.556  -166.887  348.824  0  0.1713325  1.0796856
2   4.590  -166.893  349.320  0  0.1681373  1.1001810
2   4.624  -166.900  349.811  0  0.1643943  1.1252023
2   4.658  -166.906  350.216  0  0.1600553  1.1556704
2   4.692  -166.912  350.600  0  0.1551666  1.1920378
2   4.726  -166.917  350.964  0  0.1497084  1.2000000
2   4.760  -166.923  351.272  0  0.1437224  1.2000000
2   4.794  -166.928  351.575  0  0.1372620  1.2000000
2   4.827  -166.933  351.840  0  0.1302977  1.2000000
2   4.861  -166.938  352.060  0  0.1228718  1.2000000
2   4.895  -166.942  352.262  0  0.1150539  1.2000000
2   4.929  -166.947  352.444  0  0.1068971  1.2000000
2   4.962  -166.952  352.615  0  0.0984669  1.2000000
2   4.996  -166.956  352.759  0  0.0898804  1.2000000
2   5.031  -166.960  352.872  0  0.0813242  1.2000000
2   5.065  -166.965  352.940  0  0.0730333  1.2000000
2   5.099  -166.969  352.990  0  0.0652669  1.2000000
2   5.133  -166.973  353.068  0  0.0581465  1.2000000
2   5.167  -166.977  353.130  0  0.0516835  1.2000000
2   5.200  -166.981  353.188  0  0.0458881  1.2000000
2   5.234  -166.985  353.232  0  0.0407445  1.2000000
3   5.268  -166.989  353.265  0  0.0362170  1.2000000
3   5.301  -166.993  353.294  0  0.0322640  1.2000000
3   5.334  -166.997  353.368  0  0.0287651  1.2000000
3   5.367  -167.001  353.398  0  0.0256505  1.2000000
3   5.400  -167.005  353.412  0  0.0229577  1.2000000
3   5.433  -167.008  353.443  0  0.0206435  1.2000000
3   5.466  -167.012  353.472  0  0.0186165  1.2000000
3   5.499  -167.016  353.492  0  0.0168387  1.1958780
3   5.532  -167.020  353.532  0  0.0153152  1.1818651
3   5.565  -167.023  353.546  0  0.0140626  1.1677719
3   5.597  -167.027  353.596  0  0.0130298  1.1537149
3   5.629  -167.031  353.587  0  0.0121761  1.1395578
3   5.661  -167.034  353.613  0  0.0114764  1.1253445
3   5.693  -167.038  353.629  0  0.0109002  1.1112419
3   5.724  -167.041  353.640  0  0.0104466  1.0971101
3   5.754  -167.045  353.659  0  0.0100724  1.0830130
3   5.785  -167.048  353.683  0  0.0097380  1.0687550
3   5.815  -167.051  353.702  0  0.0094239  1.0544314
3   5.845  -167.055  353.700  0  0.0091562  1.0399061
3   5.875  -167.058  353.686  0  0.0090296  1.0252625
3   5.905  -167.061  353.696  0  0.0090610  1.0103085
3   5.936  -167.065  353.712  0  0.0091703  0.9951234
3   5.966  -167.068  353.705  0  0.0093625  0.9795490
3   5.997  -167.072  353.690  0  0.0097096  0.9636698
3   6.028  -167.075  353.689  0  0.0102259  0.9473013
3   6.059  -167.078  353.747  0  0.0108233  0.9305134
3   6.091  -167.082  353.790  0  0.0114244  0.9134658
3   6.121  -167.085  353.831  0  0.0120538  0.8963331
3   6.152  -167.089  353.865  0  0.0127336  0.8789074
3   6.183  -167.092  353.900  0  0.0134756  0.8612798
3   6.212  -167.095  353.941  0  0.0143190  0.8436653
3   6.242  -167.098  353.948  0  0.0153882  0.8258799
3   6.271  -167.101  353.945  0  0.0168661  0.8080435
3   6.300  -167.104  353.957  0  0.0188346  0.7899082
3   6.328  -167.107  353.969  0  0.0213480  0.7715957
3   6.357  -167.110  353.997  0  0.0244828  0.7528897
3   6.385  -167.113  354.035  0  0.0282485  0.7339180
3   6.413  -167.116  354.058  0  0.0326712  0.7144208
3   6.441  -167.119  354.079  0  0.0602503  0.6945283
3   6.469  -167.122  354.114  0  0.0938404  0.6739735
3   6.496  -167.125  354.157  0  0.1050371  0.6528817
3   6.524  -167.128  354.194  0  0.1087693  0.6309707
3   6.552  -167.131  354.236  0  0.1100134  0.6083523
3   6.580  -167.133  354.302  0  0.1104281  0.5846349
3   6.609  -167.136  354.372  0  0.1105663  0.5598905
3   6.637  -167.139  354.462  0  0.1106124  0.5336542
3   6.666  -167.142  354.553  0  0.1106277  0.5059199
3   6.695  -167.145  354.682  0  0.1106328  0.4761257
3   6.724  -167.147  354.898  0  0.1106346  0.4441029
3   6.754  -167.150  355.143  0  0.1106351  0.4098235
3   6.783  -167.152  355.390  0  0.1106353  0.3723069
3   6.812  -167.155  355.722  0  0.1106354  0.3307829
3   6.840  -167.157  356.146  0  0.1106354  0.2842132
3   6.868  -167.159  356.561  0  0.1106354  0.2303285
3   6.895  -167.160  356.993  0  0.0737569  0.1618484
3   6.921  -167.162  356.993  0  0.0000000  0.0000000
