0   -156.540  -0.308  7.299  0  0.0000000  0.1763583
0   -156.511  -0.304  7.011  0  3.9301399  0.0471170
0   -156.483  -0.301  6.759  0  5.2401865  0.0353382
0   -156.455  -0.298  6.536  0  5.6768687  0.0326199
0   -156.428  -0.295  6.333  0  5.8224295  0.0318045
0   -156.403  -0.292  6.142  0  5.8709497  0.0315416
0   -156.378  -0.289  5.953  0  5.8871231  0.0314550
0   -156.355  -0.287  5.750  0  5.8925143  0.0314262
0   -156.334  -0.285  5.513  0  5.8943113  0.0314166
0   -156.316  -0.283  5.201  0  5.8949103  0.0314134
0   -156.300  -0.281  4.731  0  5.8951100  0.0314124
0   -156.287  -0.280  3.881  0  5.8951765  0.0314120
0   -156.278  -0.280  2.524  0  5.8951987  0.0314119
0   -156.272  -0.279  355.122  0  5.8952061  0.0314119
0   -156.271  -0.280  188.361  0  5.8952086  0.0314118
0   -156.274  -0.280  185.516  0  5.8952094  0.0314118
0   -156.282  -0.281  184.879  0  5.8952097  0.0314118
0   -156.294  -0.282  184.595  0  5.8952098  0.0314118
0   -156.310  -0.283  184.450  0  5.8952098  0.0314118
0   -156.329  -0.285  184.336  0  5.8952098  0.0314118
0   -156.351  -0.286  184.285  0  5.8952098  0.0314118
0   -156.375  -0.288  184.225  0  5.8952098  0.0314118
0   -156.402  -0.290  184.190  0  5.8952098  0.0314118
0   -156.430  -0.292  184.163  0  5.8952098  0.0314118
0   -156.459  -0.294  184.136  0  5.8952098  0.0314118
0   -156.491  -0.297  184.111  0  5.8952098  0.0314118
0   -156.523  -0.299  184.090  0  4.0178645  0.0460883
0   -156.556  -0.301  184.071  0  1.4503637  0.1276656
0   -156.590  -0.304  184.052  0  0.5143744  0.3598906
0   -156.625  -0.306  184.031  0  0.1800683  1.0273597
0   -156.661  -0.309  184.009  0  0.0633101  1.2000000
0   -156.697  -0.311  183.985  0  0.0274075  1.2000000
0   -156.734  -0.314  183.961  0  0.0182834  1.2000000
0   -156.771  -0.316  183.935  0  0.0168545  1.2000000
0   -156.809  -0.319  183.908  0  0.0172589  1.2000000
0   -156.846  -0.321  183.878  0  0.0178040  1.2000000
0   -156.885  -0.324  183.844  0  0.0180760  1.2000000
0   -156.923  -0.327  183.806  0  0.0180228  1.2000000
0   -156.962  -0.329  183.763  0  0.0177093  1.2000000
0   -157.000  -0.332  183.715  0  0.0172490  1.2000000
0   -157.039  -0.334  183.658  0  0.0167291  1.2000000
0   -157.078  -0.337  183.612  0  0.0162196  1.2000000
0   -157.117  -0.339  183.567  0  0.0157607  1.2000000
0   -157.157  -0.342  183.527  0  0.0153492  1.2000000
0   -157.196  -0.344  183.491  0  0.0149739  1.2000000
0   -157.235  -0.347  183.457  0  0.0146256  1.2000000
0   -157.274  -0.349  183.423  0  0.0142933  1.2000000
0   -157.313  -0.351  183.388  0  0.0139674  1.2000000
0   -157.352  -0.354  183.354  0  0.0136430  1.2000000
0   -157.391  -0.356  183.320  0  0.0133129  1.2000000
0   -157.430  -0.358  183.284  0  0.0129721  1.2000000
0   -157.469  -0.360  183.245  0  0.0126167  1.2000000
0   -157.508  -0.362  183.203  0  0.0122400  1.2000000
0   -157.546  -0.365  183.155  0  0.0118352  1.2000000
0   -157.585  -0.367  183.103  0  0.0113936  1.2000000
0   -157.623  -0.369  183.043  0  0.0109053  1.2000000
0   -157.661  -0.371  182.979  0  0.0103647  1.2000000
0   -157.699  -0.373  182.958  0  0.0097869  1.2000000
0   -157.737  -0.375  182.968  0  0.0092063  1.2000000
0   -157.775  -0.377  182.973  0  0.0086446  1.2000000
0   -157.814  -0.379  182.980  0  0.0081094  1.2000000
0   -157.852  -0.381  182.987  0  0.0076068  1.2000000
0   -157.891  -0.383  182.986  0  0.0071374  1.2000000
0   -157.930  -0.385  182.987  0  0.0066999  1.2000000
0   -157.969  -0.387  182.991  0  0.0062984  1.2000000
0   -158.008  -0.389  182.994  0  0.0059378  1.2000000
0   -158.048  -0.391  182.993  0  0.0056220  1.2000000
0   -158.087  -0.393  182.990  0  0.0053516  1.2000000
0   -158.126  -0.395  182.987  0  0.0051253  1.2000000
0   -158.166  -0.397  182.984  0  0.0049430  1.2000000
0   -158.205  -0.399  182.981  0  0.0048041  1.2000000
0   -158.245  -0.401  182.976  0  0.0047044  1.2000000
0   -158.284  -0.403  182.969  0  0.0046373  1.2000000
0   -158.324  -0.405  182.960  0  0.0045918  1.2000000
0   -158.363  -0.407  182.950  0  0.0045515  1.2000000
0   -158.403  -0.409  182.939  0  0.0045090  1.2000000
0   -158.442  -0.411  182.927  0  0.0044648  1.2000000
0   -158.482  -0.414  182.912  0  0.0044167  1.2000000
0   -158.521  -0.416  182.903  0  0.0043688  1.2000000
0   -158.561  -0.418  182.885  0  0.0043261  1.2000000
1   -158.600  -0.420  182.881  0  0.0042953  1.2000000
1   -158.640  -0.422  182.872  0  0.0042849  1.2000000
1   -158.679  -0.423  182.855  0  0.0042948  1.2000000
1   -158.719  -0.425  182.844  0  0.0043170  1.2000000
1   -158.758  -0.427  182.838  0  0.0043402  1.2000000
1   -158.798  -0.429  182.830  0  0.0043582  1.2000000
1   -158.837  -0.431  182.818  0  0.0043681  1.2000000
1   -158.877  -0.433  182.804  0  0.0043663  1.2000000
1   -158.916  -0.435  182.790  0  0.0043539  1.2000000
1   -158.955  -0.437  182.777  0  0.0043348  1.2000000
1   -158.994  -0.439  182.764  0  0.0043114  1.2000000
1   -159.033  -0.441  182.747  0  0.0042846  1.2000000
1   -159.072  -0.443  182.727  0  0.0042561  1.2000000
1   -159.111  -0.445  182.702  0  0.0042254  1.2000000
1   -159.149  -0.446  182.674  0  0.0041897  1.2000000
1   -159.188  -0.448  182.643  0  0.0041433  1.2000000
1   -159.226  -0.450  182.608  0  0.0040776  1.2000000
1   -159.264  -0.452  182.584  0  0.0039922  1.2000000
1   -159.301  -0.453  182.566  0  0.0038941  1.2000000
1   -159.339  -0.455  182.576  0  0.0037992  1.2000000
1   -159.376  -0.457  182.612  0  0.0037349  1.2000000
1   -159.414  -0.458  182.624  0  0.0037105  1.2000000
1   -159.452  -0.460  182.644  0  0.0037224  1.2000000
1   -159.490  -0.462  182.663  0  0.0037727  1.2000000
1   -159.528  -0.464  182.672  0  0.0038569  1.2000000
1   -159.567  -0.466  182.676  0  0.0039668  1.2000000
1   -159.606  -0.467  182.681  0  0.0040960  1.2000000
1   -159.645  -0.469  182.686  0  0.0042387  1.2000000
1   -159.684  -0.471  182.689  0  0.0044022  1.2000000
1   -159.723  -0.473  182.687  0  0.0045676  1.2000000
1   -159.762  -0.475  182.681  0  0.0047375  1.2000000
1   -159.801  -0.477  182.671  0  0.0049200  1.2000000
1   -159.840  -0.478  182.659  0  0.0050984  1.2000000
1   -159.879  -0.480  182.645  0  0.0052576  1.2000000
1   -159.918  -0.482  182.628  0  0.0054224  1.2000000
1   -159.957  -0.484  182.608  0  0.0056236  1.2000000
1   -159.996  -0.486  182.582  0  0.0058198  1.2000000
1   -160.035  -0.487  182.551  0  0.0059793  1.2000000
1   -160.074  -0.489  182.511  0  0.0061024  1.2000000
1   -160.113  -0.491  182.474  0  0.0061988  1.2000000
1   -160.152  -0.492  182.433  0  0.0062735  1.2000000
1   -160.191  -0.494  182.404  0  0.0063288  1.2000000
1   -160.230  -0.496  182.381  0  0.0063671  1.2000000
1   -160.269  -0.497  182.358  0  0.0063841  1.2000000
1   -160.309  -0.499  182.338  0  0.0063732  1.2000000
1   -160.348  -0.501  182.321  0  0.0063288  1.2000000
1   -160.387  -0.502  182.307  0  0.0062430  1.2000000
1   -160.427  -0.504  182.296  0  0.0061169  1.2000000
1   -160.466  -0.505  182.285  0  0.0059553  1.2000000
1   -160.505  -0.507  182.276  0  0.0057553  1.2000000
1   -160.545  -0.508  182.268  0  0.0055141  1.2000000
1   -160.584  -0.510  182.263  0  0.0052304  1.2000000
1   -160.624  -0.512  182.259  0  0.0049126  1.2000000
1   -160.663  -0.513  182.263  0  0.0045803  1.2000000
1   -160.702  -0.515  182.229  0  0.0042311  1.2000000
1   -160.741  -0.516  182.317  0  0.0039045  1.2000000
1   -160.780  -0.518  182.211  0  0.0035854  1.2000000
1   -160.819  -0.519  182.250  0  0.0032490  1.2000000
1   -160.858  -0.521  182.227  0  0.0029252  1.2000000
1   -160.896  -0.522  182.306  0  0.0026419  1.2000000
1   -160.935  -0.524  182.140  0  0.0023449  1.2000000
1   -160.974  -0.525  182.099  0  0.0019633  1.2000000
1   -161.012  -0.527  182.151  0  0.0015707  1.2000000
1   -161.051  -0.528  182.172  0  0.0012210  1.2000000
1   -161.091  -0.530  182.155  0  0.0009050  1.2000000
1   -161.130  -0.531  182.127  0  0.0005998  1.2000000
1   -161.169  -0.533  182.106  0  0.0002996  1.2000000
1   -161.208  -0.534  182.101  0  0.0001951  1.2000000
1   -161.247  -0.535  182.113  0  0.0003320  1.2000000
1   -161.286  -0.537  182.136  0  0.0005163  1.2000000
1   -161.325  -0.538  182.161  0  0.0006774  1.2000000
1   -161.364  -0.540  182.180  0  0.0007940  1.2000000
1   -161.403  -0.541  182.195  0  0.0008647  1.2000000
1   -161.442  -0.543  182.207  0  0.0009035  1.2000000
1   -161.480  -0.544  182.225  0  0.0009277  1.2000000
1   -161.519  -0.546  182.256  0  0.0009365  1.2000000
1   -161.557  -0.547  182.298  0  0.0009169  1.2000000
1   -161.595  -0.549  182.353  0  0.0008517  1.2000000
1   -161.633  -0.550  182.365  0  0.0007461  1.2000000
1   -161.671  -0.552  182.356  0  0.0006276  1.2000000
2   -161.709  -0.553  182.345  0  0.0005046  1.2000000
2   -161.747  -0.555  182.332  0  0.0003978  1.2000000
2   -161.786  -0.557  182.316  0  0.0002973  1.2000000
2   -161.824  -0.558  182.300  0  0.0001868  1.2000000
2   -161.863  -0.560  182.285  0  0.0001023  1.2000000
2   -161.902  -0.561  182.273  0  0.0000864  1.2000000
2   -161.941  -0.563  182.265  0  0.0001780  1.1851055
2   -161.980  -0.564  182.258  0  0.0003700  1.1685707
2   -162.019  -0.566  182.254  0  0.0006181  1.1517902
2   -162.057  -0.567  182.249  0  0.0009002  1.1347567
2   -162.096  -0.569  182.244  0  0.0012315  1.1174646
2   -162.135  -0.570  182.238  0  0.0016339  1.0999110
2   -162.174  -0.572  182.228  0  0.0021151  1.0820954
2   -162.213  -0.574  182.215  0  0.0026708  1.0640187
2   -162.252  -0.575  182.199  0  0.0032945  1.0456821
2   -162.290  -0.576  182.181  0  0.0039832  1.0270871
2   -162.328  -0.578  182.160  0  0.0047399  1.0082355
2   -162.367  -0.579  182.139  0  0.0055772  0.9891303
2   -162.404  -0.581  182.117  0  0.0065147  0.9697758
2   -162.442  -0.582  182.142  0  0.0075996  0.9501779
2   -162.479  -0.584  182.182  0  0.0088984  0.9303495
2   -162.517  -0.585  182.214  0  0.0104606  0.9099701
2   -162.554  -0.586  182.239  0  0.0123260  0.8890259
2   -162.592  -0.588  182.257  0  0.0145402  0.8675028
2   -162.630  -0.589  182.266  0  0.0171751  0.8453800
2   -162.668  -0.591  182.268  0  0.0203371  0.8226371
2   -162.706  -0.592  182.262  0  0.0241521  0.7992520
2   -162.744  -0.594  182.248  0  0.0287516  0.7751981
2   -162.781  -0.595  182.228  0  0.0340930  0.7504446
2   -162.819  -0.597  182.200  0  0.0399988  0.7249557
2   -162.856  -0.598  182.165  0  0.0463839  0.6986886
2   -162.893  -0.600  182.122  0  0.0533353  0.6715916
2   -162.930  -0.601  182.070  0  0.1504300  0.6436024
2   -162.967  -0.602  182.006  0  0.2750323  0.6146471
2   -163.003  -0.604  181.930  0  0.3165664  0.5846386
2   -163.038  -0.605  181.837  0  0.3304111  0.5601551
2   -163.073  -0.606  181.724  0  0.3350260  0.5524434
2   -163.107  -0.607  181.602  0  0.3365643  0.5499198
2   -163.141  -0.608  181.486  0  0.3370770  0.5490837
2   -163.175  -0.609  181.369  0  0.3372480  0.5488056
2   -163.208  -0.610  181.235  0  0.3373049  0.5487129
2   -163.242  -0.610  181.080  0  0.3373239  0.5486820
2   -163.275  -0.611  180.898  0  0.3373303  0.5486717
2   -163.309  -0.612  180.683  0  0.3373324  0.5486683
2   -163.341  -0.612  180.426  0  0.3373331  0.5486672
2   -163.374  -0.612  180.117  0  0.3373333  0.5444470
2   -163.405  -0.612  179.741  0  0.3373334  0.5146809
2   -163.436  -0.612  179.278  0  0.3373334  0.4840103
2   -163.465  -0.612  178.696  0  0.3373334  0.4524587
2   -163.494  -0.611  177.952  0  0.3373334  0.4200753
2   -163.520  -0.610  176.977  0  0.3373334  0.3869506
2   -163.545  -0.609  175.658  0  0.3373334  0.3532425
2   -163.568  -0.607  173.973  0  0.3373334  0.3192214
2   -163.589  -0.605  171.848  0  0.3373334  0.2845778
2   -163.608  -0.602  170.577  0  0.3373334  0.2491257
2   -163.624  -0.599  169.756  0  0.3373334  0.2121407
2   -163.640  -0.597  169.307  0  0.3373334  0.1714018
2   -163.654  -0.594  168.407  0  0.2248889  0.1205726
2   -163.669  -0.591  168.407  0  0.0000000  0.0000000
