0   -176.400  -1.115  3.367  0  0.0000000  1.2000000
0   -176.370  -1.113  3.230  0  0.0205194  1.2000000
0   -176.339  -1.112  3.126  0  0.0273592  1.2000000
0   -176.308  -1.110  3.035  0  0.0296391  1.2000000
0   -176.277  -1.108  3.020  0  0.0303991  1.2000000
0   -176.245  -1.107  3.017  0  0.0306524  1.2000000
0   -176.213  -1.105  3.036  0  0.0307369  1.2000000
0   -176.181  -1.103  3.038  0  0.0307650  1.2000000
0   -176.149  -1.102  3.003  0  0.0307744  1.2000000
0   -176.117  -1.100  2.964  0  0.0307775  1.2000000
0   -176.084  -1.098  2.908  0  0.0307786  1.2000000
0   -176.051  -1.097  2.847  0  0.0307789  1.2000000
0   -176.018  -1.095  2.784  0  0.0307791  1.2000000
0   -175.984  -1.093  2.687  0  0.0307791  1.2000000
0   -175.950  -1.092  2.600  0  0.0307791  1.2000000
0   -175.916  -1.090  2.534  0  0.0307791  1.2000000
0   -175.881  -1.089  2.450  0  0.0313235  1.2000000
0   -175.846  -1.087  2.404  0  0.0358282  1.2000000
0   -175.810  -1.086  2.391  0  0.0450419  1.2000000
0   -175.775  -1.084  2.384  0  0.0561151  1.2000000
0   -175.739  -1.083  2.454  0  0.0680289  1.2000000
0   -175.703  -1.081  2.564  0  0.0802964  1.2000000
0   -175.667  -1.079  2.699  0  0.0925335  1.2000000
0   -175.630  -1.078  2.888  0  0.1044030  1.2000000
0   -175.594  -1.076  3.173  0  0.1155844  1.2000000
0   -175.558  -1.074  3.500  0  0.1258338  1.2000000
0   -175.523  -1.072  3.924  0  0.1349635  1.2000000
0   -175.487  -1.069  4.401  0  0.1426930  1.2000000
0   -175.451  -1.067  4.883  0  0.1487835  1.2000000
0   -175.415  -1.063  5.408  0  0.1530688  1.2000000
0   -175.379  -1.060  5.968  0  0.1553769  1.1904264
0   -175.343  -1.056  6.453  0  0.1556422  1.1883991
0   -175.307  -1.052  6.926  0  0.1538399  1.1815025
0   -175.271  -1.048  7.411  0  0.1499077  1.1661228
0   -175.236  -1.043  7.764  0  0.1439931  1.1505087
0   -175.200  -1.038  8.098  0  0.1363108  1.1346755
0   -175.164  -1.033  8.441  0  0.1269090  1.1187245
0   -175.129  -1.028  8.680  0  0.1160281  1.1025521
0   -175.093  -1.023  8.763  0  0.1042443  1.0861868
0   -175.058  -1.017  8.842  0  0.0920909  1.0697373
0   -175.024  -1.012  8.938  0  0.0798869  1.0533413
0   -174.990  -1.006  9.061  0  0.0678898  1.0369177
0   -174.957  -1.001  9.204  0  0.0563427  1.0205214
0   -174.924  -0.996  9.229  0  0.0456576  1.0040814
0   -174.891  -0.991  9.217  0  0.0363054  0.9876574
0   -174.859  -0.985  9.236  0  0.0285773  0.9710273
0   -174.827  -0.980  9.272  0  0.0226986  0.9542626
0   -174.796  -0.975  9.189  0  0.0189714  0.9372527
0   -174.764  -0.970  9.076  0  0.0176920  0.9200769
0   -174.733  -0.965  8.970  0  0.0190642  0.9024949
0   -174.701  -0.960  8.863  0  0.0231976  0.8845650
0   -174.669  -0.955  8.695  0  0.0301690  0.8661771
0   -174.637  -0.950  8.515  0  0.0401794  0.8473934
0   -174.605  -0.945  8.450  0  0.0532710  0.8279183
0   -174.572  -0.940  8.433  0  0.0691430  0.8077849
0   -174.539  -0.935  8.442  0  0.0874137  0.7867975
0   -174.506  -0.930  8.459  0  0.1078821  0.7649619
0   -174.472  -0.925  8.618  0  0.1303878  0.7424187
0   -174.439  -0.920  8.832  0  0.1547494  0.7193002
0   -174.405  -0.915  9.165  0  0.1807042  0.6953679
0   -174.372  -0.910  9.547  0  0.2078255  0.6706134
0   -174.338  -0.904  10.006  0  0.2357635  0.6447399
0   -174.305  -0.898  10.581  0  0.2641573  0.6176913
0   -174.271  -0.892  11.220  0  0.2925937  0.5895572
0   -174.238  -0.885  11.858  0  0.3206545  0.5598858
0   -174.204  -0.878  12.618  0  0.3477951  0.5285420
0   -174.171  -0.871  13.424  0  0.3735727  0.4954683
0   -174.138  -0.863  14.237  0  0.3977568  0.4653572
0   -174.106  -0.855  15.166  0  0.4199213  0.4408054
0   -174.073  -0.846  16.184  0  0.4395420  0.4211366
0   -174.041  -0.837  17.173  0  0.4564444  0.4055479
0   -174.009  -0.827  18.121  0  0.4706877  0.3932806
0   -173.978  -0.816  19.161  0  0.4820263  0.3840331
0   -173.947  -0.806  20.296  0  0.4899637  0.3778142
0   -173.917  -0.795  21.480  0  0.4940715  0.3746741
0   -173.889  -0.784  22.730  0  0.4939496  0.3747666
0   -173.860  -0.772  23.800  0  0.4896652  0.3780444
0   -173.833  -0.760  24.853  0  0.4815681  0.3843984
0   -173.805  -0.747  25.883  0  0.4699294  0.3939150
0   -173.779  -0.734  26.930  0  0.4549504  0.4068792
1   -173.752  -0.721  27.678  0  0.4370387  0.4235478
1   -173.727  -0.707  28.338  0  0.4168355  0.4440671
1   -173.701  -0.693  28.988  0  0.3947941  0.4688479
1   -173.676  -0.679  29.649  0  0.3711264  0.4987326
1   -173.651  -0.665  30.101  0  0.3462612  0.5345277
1   -173.626  -0.651  30.494  0  0.3208085  0.5769123
1   -173.601  -0.636  30.918  0  0.2950836  0.6271750
1   -173.577  -0.621  31.362  0  0.2692077  0.6874167
1   -173.552  -0.607  31.669  0  0.2435387  0.7598155
1   -173.528  -0.592  31.942  0  0.2186162  0.8463622
1   -173.504  -0.577  32.064  0  0.1951288  0.9481410
1   -173.480  -0.562  32.136  0  0.1738754  1.0639120
1   -173.456  -0.547  32.260  0  0.1550631  1.1928327
1   -173.432  -0.532  32.410  0  0.1384587  1.2000000
1   -173.408  -0.516  32.592  0  0.1238351  1.2000000
1   -173.385  -0.501  32.795  0  0.1110276  1.2000000
1   -173.361  -0.486  32.912  0  0.0999820  1.2000000
1   -173.337  -0.470  33.006  0  0.0907300  1.2000000
1   -173.313  -0.455  33.133  0  0.0833260  1.2000000
1   -173.290  -0.439  33.280  0  0.0778348  1.2000000
1   -173.266  -0.424  33.329  0  0.0741992  1.2000000
1   -173.242  -0.408  33.349  0  0.0722832  1.2000000
1   -173.219  -0.393  33.422  0  0.0719649  1.2000000
1   -173.195  -0.377  33.525  0  0.0731453  1.2000000
1   -173.171  -0.361  33.551  0  0.0756832  1.2000000
1   -173.148  -0.346  33.555  0  0.0794267  1.2000000
1   -173.124  -0.330  33.647  0  0.0840560  1.2000000
1   -173.100  -0.315  33.784  0  0.0891175  1.2000000
1   -173.077  -0.299  33.878  0  0.0943833  1.2000000
1   -173.054  -0.283  33.966  0  0.0998143  1.2000000
1   -173.030  -0.267  34.031  0  0.1055001  1.2000000
1   -173.007  -0.251  34.093  0  0.1116023  1.2000000
1   -172.983  -0.236  34.309  0  0.1178558  1.2000000
1   -172.960  -0.220  34.608  0  0.1236509  1.2000000
1   -172.937  -0.204  35.004  0  0.1284381  1.2000000
1   -172.914  -0.187  35.451  0  0.1317554  1.2000000
1   -172.891  -0.171  35.795  0  0.1334723  1.2000000
1   -172.868  -0.155  36.107  0  0.1336864  1.2000000
1   -172.845  -0.138  36.438  0  0.1325293  1.2000000
1   -172.823  -0.121  36.785  0  0.1301217  1.2000000
1   -172.800  -0.105  37.008  0  0.1266183  1.2000000
1   -172.778  -0.088  37.192  0  0.1221838  1.2000000
1   -172.756  -0.071  37.398  0  0.1169553  1.2000000
1   -172.733  -0.054  37.615  0  0.1110570  1.2000000
1   -172.711  -0.037  37.729  0  0.1046409  1.2000000
1   -172.689  -0.020  37.813  0  0.0978642  1.2000000
1   -172.667  -0.003  37.937  0  0.0907765  1.2000000
1   -172.645  0.014  38.076  0  0.0833565  1.2000000
1   -172.623  0.031  38.170  0  0.0757296  1.2000000
1   -172.602  0.048  38.253  0  0.0681446  1.2000000
1   -172.580  0.066  38.271  0  0.0609960  1.2000000
1   -172.558  0.083  38.263  0  0.0547726  1.2000000
1   -172.536  0.100  38.282  0  0.0495651  1.2000000
1   -172.514  0.118  38.313  0  0.0451707  1.2000000
1   -172.492  0.135  38.401  0  0.0413612  1.2000000
1   -172.470  0.152  38.517  0  0.0379208  1.2000000
1   -172.448  0.170  38.575  0  0.0347662  1.2000000
1   -172.426  0.187  38.613  0  0.0319125  1.2000000
1   -172.405  0.205  38.672  0  0.0293949  1.2000000
1   -172.383  0.222  38.741  0  0.0272532  1.2000000
1   -172.361  0.240  38.751  0  0.0254745  1.2000000
1   -172.339  0.257  38.738  0  0.0240185  1.2000000
1   -172.317  0.274  38.792  0  0.0228180  1.2000000
1   -172.296  0.292  38.872  0  0.0217806  1.2000000
1   -172.274  0.309  38.880  0  0.0209075  1.2000000
1   -172.253  0.327  38.861  0  0.0202785  1.2000000
1   -172.231  0.344  38.914  0  0.0197948  1.2000000
1   -172.209  0.362  38.996  0  0.0192140  1.2000000
1   -172.188  0.379  39.016  0  0.0184925  1.2000000
1   -172.166  0.396  39.018  0  0.0177428  1.2000000
1   -172.145  0.414  38.993  0  0.0171699  1.2000000
1   -172.123  0.431  38.959  0  0.0170373  1.2000000
1   -172.102  0.449  38.967  0  0.0173326  1.2000000
1   -172.080  0.466  38.992  0  0.0178388  1.2000000
1   -172.059  0.483  39.062  0  0.0183508  1.2000000
1   -172.038  0.501  39.149  0  0.0186952  1.2000000
1   -172.016  0.518  39.178  0  0.0188470  1.2000000
1   -171.995  0.535  39.189  0  0.0188753  1.2000000
1   -171.974  0.553  39.234  0  0.0188495  1.2000000
1   -171.952  0.570  39.290  0  0.0188363  1.2000000
2   -171.931  0.588  39.312  0  0.0188297  1.2000000
2   -171.910  0.605  39.322  0  0.0187669  1.2000000
2   -171.889  0.622  39.359  0  0.0186526  1.2000000
2   -171.867  0.640  39.405  0  0.0185494  1.2000000
2   -171.846  0.657  39.419  0  0.0184800  1.2000000
2   -171.825  0.675  39.423  0  0.0184333  1.2000000
2   -171.803  0.692  39.484  0  0.0183003  1.2000000
2   -171.782  0.710  39.565  0  0.0179033  1.2000000
2   -171.761  0.728  39.602  0  0.0172421  1.2000000
2   -171.739  0.745  39.621  0  0.0164507  1.2000000
2   -171.718  0.763  39.615  0  0.0157126  1.2000000
2   -171.697  0.780  39.600  0  0.0152281  1.2000000
2   -171.675  0.798  39.603  0  0.0149897  1.2000000
2   -171.654  0.816  39.613  0  0.0148457  1.2000000
2   -171.633  0.833  39.659  0  0.0146665  1.2000000
2   -171.612  0.851  39.718  0  0.0143479  1.2000000
2   -171.590  0.869  39.730  0  0.0139113  1.2000000
2   -171.569  0.886  39.723  0  0.0134672  1.2000000
2   -171.548  0.904  39.750  0  0.0130597  1.2000000
2   -171.527  0.921  39.788  0  0.0126727  1.2000000
2   -171.506  0.939  39.806  0  0.0123024  1.2000000
2   -171.485  0.957  39.817  0  0.0119617  1.2000000
2   -171.463  0.974  39.844  0  0.0116940  1.2000000
2   -171.442  0.992  39.877  0  0.0115615  1.2000000
2   -171.421  1.010  39.892  0  0.0115530  1.2000000
2   -171.400  1.027  39.903  0  0.0116016  1.2000000
2   -171.379  1.045  39.941  0  0.0116157  1.2000000
2   -171.358  1.063  39.988  0  0.0114953  1.2000000
2   -171.337  1.080  39.996  0  0.0112444  1.2000000
2   -171.316  1.098  39.990  0  0.0109390  1.2000000
2   -171.295  1.116  39.970  0  0.0107002  1.2000000
2   -171.273  1.133  39.944  0  0.0106755  1.2000000
2   -171.252  1.151  39.947  0  0.0108300  1.2000000
2   -171.231  1.169  39.961  0  0.0109963  1.2000000
2   -171.210  1.186  39.987  0  0.0110767  1.2000000
2   -171.189  1.204  40.017  0  0.0110405  1.2000000
2   -171.168  1.222  40.051  0  0.0108593  1.2000000
2   -171.147  1.239  40.088  0  0.0104909  1.2000000
2   -171.126  1.257  40.140  0  0.0099347  1.2000000
2   -171.105  1.275  40.198  0  0.0092218  1.2000000
2   -171.084  1.292  40.214  0  0.0083977  1.2000000
2   -171.063  1.310  40.213  0  0.0075170  1.2000000
2   -171.042  1.328  40.233  0  0.0066241  1.2000000
2   -171.021  1.346  40.258  0  0.0057523  1.2000000
2   -171.000  1.363  40.252  0  0.0049087  1.2000000
2   -170.979  1.381  40.234  0  0.0040849  1.2000000
2   -170.958  1.399  40.247  0  0.0032283  1.2000000
2   -170.938  1.416  40.269  0  0.0022576  1.2000000
2   -170.917  1.434  40.260  0  0.0011973  1.2000000
2   -170.896  1.452  40.239  0  0.0007286  1.2000000
2   -170.875  1.469  40.211  0  0.0011146  1.2000000
2   -170.854  1.487  40.181  0  0.0017992  1.2000000
2   -170.833  1.504  40.154  0  0.0025183  1.2000000
2   -170.813  1.522  40.124  0  0.0031719  1.2000000
2   -170.792  1.540  40.142  0  0.0038180  1.2000000
2   -170.771  1.557  40.173  0  0.0046109  1.2000000
2   -170.750  1.575  40.172  0  0.0055948  1.2000000
2   -170.729  1.592  40.155  0  0.0067279  1.2000000
2   -170.709  1.610  40.169  0  0.0079239  1.2000000
2   -170.688  1.627  40.190  0  0.0090725  1.2000000
2   -170.667  1.645  40.178  0  0.0100676  1.2000000
2   -170.646  1.663  40.153  0  0.0108088  1.2000000
2   -170.625  1.680  40.147  0  0.0111795  1.2000000
2   -170.604  1.698  40.146  0  0.0110501  1.2000000
2   -170.583  1.715  40.135  0  0.0103228  1.2000000
2   -170.563  1.733  40.122  0  0.0089195  1.2000000
2   -170.542  1.751  40.081  0  0.0067079  1.2000000
2   -170.521  1.768  40.031  0  0.0036599  1.2000000
2   -170.500  1.786  39.982  0  0.0031659  1.2000000
2   -170.479  1.803  39.940  0  0.0069699  1.1981087
2   -170.458  1.821  39.852  0  0.0131577  1.1866136
2   -170.437  1.838  39.749  0  0.0213818  1.1750664
2   -170.416  1.856  39.665  0  0.0314271  1.1633557
2   -170.395  1.873  39.594  0  0.0429962  1.1515960
2   -170.374  1.891  39.625  0  0.0557040  1.1396672
2   -170.353  1.908  39.700  0  0.0691165  1.1276857
2   -170.332  1.925  39.790  0  0.0829241  1.1155288
2   -170.311  1.943  39.895  0  0.0969103  1.1033168
2   -170.290  1.960  40.079  0  0.1108212  1.0909246
2   -170.270  1.978  40.299  0  0.1243721  1.0784755
3   -170.249  1.995  40.565  0  0.1372973  1.0658289
3   -170.228  2.013  40.856  0  0.1493395  1.0531107
3   -170.208  2.030  41.210  0  0.1602325  1.0401774
3   -170.188  2.048  41.594  0  0.1696935  1.0271573
3   -170.168  2.066  41.973  0  0.1775152  1.0139022
3   -170.148  2.084  42.361  0  0.1835272  1.0005434
3   -170.128  2.102  42.859  0  0.1874525  0.9869297
3   -170.108  2.121  43.399  0  0.1889175  0.9792836
3   -170.088  2.139  43.811  0  0.1878984  0.9845901
3   -170.069  2.158  44.187  0  0.1845983  1.0021737
3   -170.049  2.177  44.477  0  0.1793978  1.0311954
3   -170.030  2.196  44.742  0  0.1727646  1.0707455
3   -170.011  2.215  44.984  0  0.1649789  1.1212194
3   -169.991  2.234  45.222  0  0.1561723  1.1843706
3   -169.972  2.253  45.434  0  0.1464594  1.2000000
3   -169.953  2.273  45.641  0  0.1359469  1.2000000
3   -169.934  2.292  45.812  0  0.1247959  1.2000000
3   -169.915  2.311  45.974  0  0.1132041  1.1961167
3   -169.897  2.331  46.133  0  0.1013393  1.1846823
3   -169.878  2.351  46.292  0  0.0893463  1.1731861
3   -169.859  2.370  46.369  0  0.0773763  1.1615043
3   -169.840  2.390  46.419  0  0.0655926  1.1497515
3   -169.821  2.410  46.504  0  0.0541370  1.1378047
3   -169.803  2.429  46.599  0  0.0431430  1.1257803
3   -169.784  2.449  46.623  0  0.0326271  1.1135404
3   -169.765  2.469  46.621  0  0.0225318  1.1012018
3   -169.746  2.489  46.652  0  0.0126888  1.0886336
3   -169.727  2.509  46.690  0  0.0075304  1.0759545
3   -169.708  2.529  46.704  0  0.0105145  1.0630430
3   -169.689  2.549  46.701  0  0.0182618  1.0500191
3   -169.670  2.569  46.634  0  0.0275434  1.0367535
3   -169.652  2.590  46.533  0  0.0370464  1.0233689
3   -169.632  2.610  46.446  0  0.0461899  1.0097335
3   -169.613  2.630  46.356  0  0.0546733  0.9959723
3   -169.594  2.650  46.274  0  0.0622584  0.9819446
3   -169.575  2.670  46.189  0  0.0687329  0.9677772
3   -169.556  2.690  46.043  0  0.0738156  0.9533258
3   -169.537  2.710  45.872  0  0.0771745  0.9387143
3   -169.517  2.730  45.731  0  0.0785346  0.9238004
3   -169.498  2.749  45.602  0  0.0776700  0.9086955
3   -169.479  2.769  45.396  0  0.0743479  0.8932563
3   -169.459  2.789  45.163  0  0.0682860  0.8776114
3   -169.440  2.809  44.916  0  0.0592405  0.8615684
3   -169.420  2.828  44.663  0  0.0470476  0.8452617
3   -169.400  2.848  44.371  0  0.0316574  0.8285310
3   -169.380  2.868  44.062  0  0.0178667  0.8114958
3   -169.360  2.887  43.831  0  0.0189732  0.7939568
3   -169.339  2.907  43.639  0  0.0364078  0.7760436
3   -169.319  2.926  43.581  0  0.0605158  0.7575479
3   -169.298  2.946  43.580  0  0.0877305  0.7385992
3   -169.278  2.966  43.711  0  0.1165317  0.7189368
3   -169.257  2.985  43.874  0  0.1462866  0.6986688
3   -169.236  3.006  44.206  0  0.1765672  0.6774880
3   -169.215  3.026  44.573  0  0.2069648  0.6554554
3   -169.193  3.047  45.098  0  0.2371448  0.6322535
3   -169.172  3.068  45.644  0  0.2668020  0.6078957
3   -169.151  3.091  46.290  0  0.2957461  0.5819172
3   -169.129  3.113  47.041  0  0.3235939  0.5542376
3   -169.107  3.136  47.826  0  0.3500888  0.5249401
3   -169.086  3.160  48.633  0  0.3751941  0.4933282
3   -169.064  3.185  49.497  0  0.3988298  0.4641058
3   -169.043  3.210  50.348  0  0.4209824  0.4396948
3   -169.022  3.235  51.193  0  0.4418640  0.4189244
3   -169.001  3.261  52.059  0  0.4617253  0.4009114
3   -168.980  3.288  52.985  0  0.4807417  0.3850589
3   -168.960  3.315  53.883  0  0.4990694  0.3709234
3   -168.940  3.341  54.821  0  0.5168335  0.3581789
3   -168.922  3.368  55.789  0  0.5340319  0.3466478
3   -168.904  3.394  56.789  0  0.5506530  0.3361880
3   -168.887  3.420  57.801  0  0.5667640  0.3266346
3   -168.871  3.446  58.819  0  0.5825057  0.3178103
3   -168.855  3.472  59.849  0  0.5979237  0.3096179
3   -168.840  3.498  60.938  0  0.6129070  0.3020511
3   -168.825  3.524  62.008  0  0.6272203  0.2951603
3   -168.812  3.549  63.121  0  0.6405433  0.2890229
3   -168.799  3.575  64.240  0  0.6525679  0.2836987
3   -168.786  3.600  65.404  0  0.6629843  0.2792426
3   -168.775  3.626  66.549  0  0.6714597  0.2757189
3   -168.764  3.652  67.727  0  0.6775834  0.2732278
3   -168.753  3.677  68.938  0  0.6809511  0.2718768
4   -168.743  3.703  70.197  0  0.6812190  0.2717699
4   -168.734  3.729  71.412  0  0.6781256  0.2730093
4   -168.725  3.755  72.645  0  0.6714687  0.2757152
4   -168.717  3.781  73.805  0  0.6613159  0.2799469
4   -168.710  3.807  74.966  0  0.6478774  0.2857520
4   -168.702  3.833  76.137  0  0.6312023  0.2932988
4   -168.696  3.860  77.333  0  0.6111805  0.3029041
4   -168.690  3.886  78.474  0  0.5877618  0.3149692
4   -168.684  3.913  79.615  0  0.5609851  0.3299982
4   -168.679  3.940  80.495  0  0.5313947  0.3483675
4   -168.675  3.967  81.302  0  0.4998381  0.3703531
4   -168.671  3.994  82.021  0  0.4670070  0.3963791
4   -168.667  4.021  82.714  0  0.4334726  0.4270307
4   -168.664  4.049  83.216  0  0.3998088  0.4629699
4   -168.660  4.076  83.663  0  0.3665504  0.5049556
4   -168.657  4.103  84.071  0  0.3340893  0.5539914
4   -168.654  4.130  84.470  0  0.3027711  0.6112604
4   -168.652  4.157  84.759  0  0.2728837  0.6781629
4   -168.649  4.185  85.020  0  0.2446426  0.7563897
4   -168.647  4.212  85.285  0  0.2180963  0.8483778
4   -168.645  4.239  85.556  0  0.1932239  0.9574795
4   -168.643  4.266  85.747  0  0.1701135  0.9710506
4   -168.641  4.294  85.920  0  0.1489373  0.9569278
4   -168.639  4.321  85.969  0  0.1299597  0.9425105
4   -168.637  4.348  85.982  0  0.1135352  0.9279325
4   -168.635  4.375  86.056  0  0.0994755  0.9130091
4   -168.633  4.403  86.157  0  0.0872217  0.8978740
4   -168.631  4.430  86.296  0  0.0762605  0.8823752
4   -168.629  4.458  86.453  0  0.0661545  0.8666482
4   -168.628  4.485  86.530  0  0.0566498  0.8505447
4   -168.626  4.513  86.583  0  0.0476173  0.8342037
4   -168.624  4.541  86.658  0  0.0389166  0.8174237
4   -168.623  4.568  86.746  0  0.0303773  0.8003442
4   -168.621  4.596  86.765  0  0.0218569  0.7828118
4   -168.619  4.623  86.761  0  0.0132396  0.7649631
4   -168.618  4.651  86.785  0  0.0075450  0.7465834
4   -168.616  4.679  86.823  0  0.0091948  0.7277970
4   -168.615  4.707  86.820  0  0.0170315  0.7084370
4   -168.613  4.734  86.802  0  0.0278548  0.6886367
4   -168.612  4.762  86.811  0  0.0410134  0.6681558
4   -168.610  4.790  86.835  0  0.0567360  0.6471178
4   -168.609  4.817  86.789  0  0.0749416  0.6253330
4   -168.607  4.845  86.717  0  0.0950086  0.6029264
4   -168.606  4.872  86.572  0  0.1931151  0.5796166
4   -168.604  4.900  86.396  0  0.3100475  0.5555183
4   -168.602  4.927  86.211  0  0.3490249  0.5302973
4   -168.600  4.954  86.018  0  0.3620174  0.5112751
4   -168.599  4.981  85.806  0  0.3663483  0.5052341
4   -168.597  5.008  85.579  0  0.3677919  0.5032520
4   -168.595  5.034  85.264  0  0.3682731  0.4891586
4   -168.592  5.060  84.910  0  0.3684335  0.4615458
4   -168.590  5.086  84.415  0  0.3684869  0.4323492
4   -168.588  5.112  83.844  0  0.3685048  0.4015708
4   -168.585  5.137  83.119  0  0.3685107  0.3685661
4   -168.582  5.162  82.199  0  0.3685127  0.3331148
4   -168.579  5.186  81.065  0  0.3685134  0.2951215
4   -168.575  5.208  79.872  0  0.3685136  0.2535013
4   -168.571  5.230  78.946  0  0.3685136  0.2057539
4   -168.567  5.251  78.492  0  0.2456758  0.1449724
4   -168.563  5.271  78.492  0  0.0000000  0.0000000
