0   -165.747  -1.111  180.682  0  0.0000000  0.1422283
0   -165.765  -1.111  181.254  0  3.8967443  0.0475208
0   -165.783  -1.111  181.748  0  5.1956591  0.0356410
0   -165.802  -1.112  182.118  0  5.6286307  0.0328995
0   -165.821  -1.113  182.368  0  5.7729546  0.0320770
0   -165.840  -1.113  182.506  0  5.8210625  0.0318119
0   -165.859  -1.114  182.527  0  5.8370985  0.0317245
0   -165.878  -1.115  182.383  0  5.8424438  0.0316955
0   -165.897  -1.116  181.994  0  5.8442256  0.0316859
0   -165.914  -1.117  181.403  0  5.8448195  0.0316826
0   -165.930  -1.117  180.454  0  5.8450175  0.0316816
0   -165.944  -1.117  179.006  0  5.8450835  0.0316812
0   -165.956  -1.117  176.609  0  5.8451055  0.0316811
0   -165.966  -1.116  172.247  0  5.8451128  0.0316811
0   -165.973  -1.115  162.471  0  5.8451153  0.0316810
0   -165.977  -1.114  129.638  0  5.8451161  0.0316810
0   -165.979  -1.112  53.968  0  5.8451164  0.0316810
0   -165.977  -1.110  25.477  0  5.8451165  0.0316810
0   -165.973  -1.108  16.247  0  5.8451165  0.0316810
0   -165.964  -1.105  12.483  0  5.8451165  0.0316810
0   -165.953  -1.103  10.473  0  5.8451165  0.0316810
0   -165.939  -1.100  9.274  0  5.8451165  0.0316810
0   -165.922  -1.097  8.469  0  5.8451165  0.0316810
0   -165.903  -1.095  7.969  0  5.8451165  0.0316810
0   -165.882  -1.092  7.598  0  5.8451165  0.0316810
0   -165.859  -1.089  7.291  0  5.8451165  0.0316810
0   -165.835  -1.086  7.069  0  5.8451165  0.0316810
0   -165.810  -1.082  6.887  0  5.8451165  0.0316810
0   -165.783  -1.079  6.745  0  5.8451165  0.0316810
0   -165.755  -1.076  6.613  0  5.8451165  0.0316810
0   -165.726  -1.073  6.450  0  5.8451165  0.0316810
0   -165.696  -1.069  6.346  0  4.0905230  0.0452697
0   -165.665  -1.066  6.275  0  1.6840902  0.1099495
0   -165.633  -1.062  6.162  0  0.7792561  0.2375871
0   -165.601  -1.059  6.071  0  0.4203392  0.4403673
0   -165.568  -1.055  5.996  0  0.2648651  0.6986794
0   -165.535  -1.052  5.880  0  0.1887766  0.9800137
0   -165.502  -1.048  5.827  0  0.1461119  1.2000000
0   -165.468  -1.045  5.817  0  0.1191322  1.2000000
0   -165.434  -1.041  5.724  0  0.1003760  1.2000000
0   -165.400  -1.038  5.562  0  0.0863592  1.2000000
0   -165.366  -1.035  5.453  0  0.0753332  1.2000000
0   -165.332  -1.031  5.380  0  0.0663596  1.2000000
0   -165.298  -1.028  5.362  0  0.0589010  1.2000000
0   -165.265  -1.025  5.375  0  0.0526316  1.2000000
0   -165.231  -1.022  5.330  0  0.0472816  1.2000000
0   -165.198  -1.019  5.324  0  0.0426604  1.2000000
0   -165.165  -1.016  5.345  0  0.0387275  1.2000000
0   -165.133  -1.013  5.311  0  0.0354621  1.2000000
0   -165.101  -1.010  5.255  0  0.0327931  1.2000000
0   -165.069  -1.007  5.254  0  0.0306464  1.2000000
0   -165.037  -1.004  5.283  0  0.0289712  1.2000000
0   -165.005  -1.001  5.219  0  0.0276873  1.2000000
0   -164.973  -0.998  5.130  0  0.0266702  1.2000000
0   -164.941  -0.995  5.096  0  0.0258348  1.2000000
0   -164.908  -0.992  5.090  0  0.0251600  1.2000000
0   -164.876  -0.989  5.022  0  0.0246250  1.2000000
0   -164.843  -0.986  4.870  0  0.0241378  1.2000000
0   -164.810  -0.984  4.775  0  0.0236196  1.2000000
0   -164.778  -0.981  4.718  0  0.0230827  1.2000000
0   -164.746  -0.978  4.702  0  0.0225790  1.2000000
0   -164.714  -0.976  4.716  0  0.0221442  1.2000000
0   -164.683  -0.973  4.667  0  0.0217426  1.2000000
0   -164.652  -0.971  4.593  0  0.0213170  1.2000000
0   -164.621  -0.968  4.584  0  0.0208888  1.2000000
0   -164.591  -0.966  4.625  0  0.0205382  1.2000000
0   -164.560  -0.963  4.593  0  0.0203000  1.2000000
0   -164.530  -0.961  4.533  0  0.0201447  1.2000000
0   -164.500  -0.958  4.545  0  0.0200555  1.2000000
0   -164.470  -0.956  4.599  0  0.0200243  1.2000000
0   -164.440  -0.954  4.584  0  0.0200172  1.2000000
0   -164.410  -0.951  4.545  0  0.0200280  1.2000000
0   -164.381  -0.949  4.543  0  0.0200906  1.2000000
0   -164.351  -0.947  4.566  0  0.0202110  1.2000000
0   -164.322  -0.944  4.514  0  0.0203220  1.2000000
0   -164.292  -0.942  4.434  0  0.0203519  1.2000000
0   -164.263  -0.940  4.272  0  0.0202660  1.2000000
0   -164.234  -0.937  4.089  0  0.0200056  1.2000000
0   -164.205  -0.935  3.995  0  0.0195403  1.2000000
0   -164.175  -0.933  3.949  0  0.0189310  1.2000000
1   -164.146  -0.931  3.954  0  0.0182777  1.2000000
1   -164.116  -0.929  3.998  0  0.0176339  1.2000000
1   -164.087  -0.927  3.957  0  0.0169582  1.2000000
1   -164.057  -0.925  3.884  0  0.0162126  1.2000000
1   -164.028  -0.923  3.860  0  0.0154397  1.2000000
1   -163.999  -0.921  3.874  0  0.0147077  1.2000000
1   -163.970  -0.919  3.828  0  0.0140373  1.2000000
1   -163.941  -0.917  3.760  0  0.0133932  1.2000000
1   -163.911  -0.915  3.772  0  0.0127910  1.2000000
1   -163.882  -0.913  3.825  0  0.0122718  1.2000000
1   -163.853  -0.911  3.786  0  0.0117870  1.2000000
1   -163.824  -0.910  3.718  0  0.0112643  1.2000000
1   -163.795  -0.908  3.749  0  0.0107202  1.2000000
1   -163.766  -0.906  3.843  0  0.0102304  1.2000000
1   -163.737  -0.904  3.846  0  0.0098058  1.2000000
1   -163.708  -0.902  3.815  0  0.0094016  1.2000000
1   -163.680  -0.900  3.689  0  0.0089527  1.2000000
1   -163.651  -0.898  3.532  0  0.0083743  1.2000000
1   -163.622  -0.896  3.448  0  0.0076451  1.2000000
1   -163.593  -0.895  3.400  0  0.0068033  1.2000000
1   -163.564  -0.893  3.444  0  0.0059183  1.2000000
1   -163.535  -0.891  3.543  0  0.0050681  1.2000000
1   -163.507  -0.889  3.545  0  0.0042492  1.2000000
1   -163.478  -0.888  3.508  0  0.0034098  1.2000000
1   -163.449  -0.886  3.567  0  0.0025706  1.2000000
1   -163.421  -0.884  3.681  0  0.0018414  1.2000000
1   -163.392  -0.882  3.697  0  0.0012896  1.2000000
1   -163.364  -0.880  3.677  0  0.0008872  1.2000000
1   -163.336  -0.879  3.734  0  0.0006347  1.2000000
1   -163.307  -0.877  3.826  0  0.0005436  1.2000000
1   -163.279  -0.875  3.827  0  0.0005427  1.2000000
1   -163.251  -0.873  3.797  0  0.0005482  1.2000000
1   -163.223  -0.871  3.843  0  0.0005603  1.2000000
1   -163.194  -0.869  3.928  0  0.0006326  1.2000000
1   -163.166  -0.867  3.927  0  0.0007648  1.2000000
1   -163.138  -0.865  3.892  0  0.0009132  1.2000000
1   -163.110  -0.863  3.762  0  0.0010194  1.2000000
1   -163.082  -0.862  3.602  0  0.0009999  1.2000000
1   -163.054  -0.860  3.548  0  0.0008453  1.2000000
1   -163.026  -0.858  3.538  0  0.0006144  1.2000000
1   -162.998  -0.856  3.595  0  0.0003744  1.2000000
1   -162.970  -0.855  3.688  0  0.0001874  1.2000000
1   -162.941  -0.853  3.684  0  0.0001075  1.2000000
1   -162.914  -0.851  3.642  0  0.0001716  1.2000000
1   -162.886  -0.849  3.669  0  0.0003418  1.2000000
1   -162.858  -0.847  3.733  0  0.0004990  1.2000000
1   -162.830  -0.846  3.698  0  0.0005751  1.2000000
1   -162.802  -0.844  3.625  0  0.0005877  1.2000000
1   -162.774  -0.842  3.661  0  0.0005041  1.2000000
1   -162.746  -0.840  3.742  0  0.0002871  1.2000000
1   -162.719  -0.838  3.729  0  0.0002068  1.2000000
1   -162.691  -0.837  3.682  0  0.0003654  1.2000000
1   -162.663  -0.835  3.740  0  0.0005917  1.2000000
1   -162.635  -0.833  3.845  0  0.0008912  1.2000000
1   -162.608  -0.831  3.855  0  0.0012427  1.2000000
1   -162.580  -0.829  3.829  0  0.0015825  1.2000000
1   -162.552  -0.827  3.706  0  0.0018299  1.2000000
1   -162.525  -0.826  3.553  0  0.0018884  1.2000000
1   -162.497  -0.824  3.508  0  0.0017472  1.2000000
1   -162.469  -0.822  3.500  0  0.0014741  1.2000000
1   -162.442  -0.821  3.558  0  0.0011492  1.2000000
1   -162.414  -0.819  3.653  0  0.0008436  1.2000000
1   -162.386  -0.817  3.655  0  0.0005499  1.2000000
1   -162.358  -0.815  3.615  0  0.0003233  1.2000000
1   -162.330  -0.813  3.644  0  0.0003713  1.2000000
1   -162.303  -0.812  3.712  0  0.0006220  1.2000000
1   -162.275  -0.810  3.686  0  0.0008493  1.2000000
1   -162.247  -0.808  3.619  0  0.0010242  1.2000000
1   -162.220  -0.806  3.662  0  0.0011116  1.2000000
1   -162.192  -0.805  3.745  0  0.0010751  1.2000000
1   -162.164  -0.803  3.736  0  0.0009822  1.2000000
1   -162.137  -0.801  3.693  0  0.0009225  1.2000000
1   -162.109  -0.799  3.756  0  0.0008882  1.2000000
1   -162.082  -0.797  3.861  0  0.0008135  1.2000000
1   -162.054  -0.796  3.872  0  0.0007042  1.2000000
1   -162.027  -0.794  3.847  0  0.0006146  1.2000000
1   -161.999  -0.792  3.727  0  0.0006144  1.2000000
1   -161.972  -0.790  3.577  0  0.0007802  1.2000000
1   -161.944  -0.788  3.499  0  0.0011137  1.2000000
1   -161.917  -0.787  3.443  0  0.0015774  1.2000000
2   -161.890  -0.785  3.487  0  0.0021138  1.2000000
2   -161.862  -0.783  3.574  0  0.0026500  1.2000000
2   -161.835  -0.782  3.560  0  0.0031955  1.2000000
2   -161.808  -0.780  3.506  0  0.0038151  1.2000000
2   -161.780  -0.778  3.550  0  0.0045038  1.2000000
2   -161.753  -0.777  3.643  0  0.0051565  1.2000000
2   -161.726  -0.775  3.632  0  0.0057097  1.2000000
2   -161.699  -0.773  3.581  0  0.0061911  1.2000000
2   -161.672  -0.771  3.676  0  0.0065608  1.2000000
2   -161.644  -0.770  3.819  0  0.0067630  1.2000000
2   -161.617  -0.768  3.832  0  0.0068738  1.2000000
2   -161.590  -0.766  3.799  0  0.0070089  1.2000000
2   -161.563  -0.764  3.876  0  0.0071778  1.2000000
2   -161.535  -0.762  3.996  0  0.0073166  1.2000000
2   -161.508  -0.760  4.027  0  0.0074236  1.2000000
2   -161.481  -0.759  4.025  0  0.0075420  1.2000000
2   -161.453  -0.757  3.898  0  0.0077469  1.2000000
2   -161.426  -0.755  3.729  0  0.0081323  1.2000000
2   -161.399  -0.753  3.672  0  0.0086897  1.2000000
2   -161.371  -0.751  3.655  0  0.0093492  1.2000000
2   -161.344  -0.749  3.709  0  0.0100420  1.2000000
2   -161.317  -0.748  3.798  0  0.0107009  1.2000000
2   -161.289  -0.746  3.795  0  0.0113322  1.2000000
2   -161.262  -0.744  3.754  0  0.0120072  1.2000000
2   -161.235  -0.742  3.819  0  0.0127340  1.2000000
2   -161.207  -0.740  3.933  0  0.0134082  1.2000000
2   -161.180  -0.739  3.949  0  0.0139595  1.2000000
2   -161.153  -0.737  3.931  0  0.0144022  1.2000000
2   -161.125  -0.735  3.999  0  0.0147111  1.2000000
2   -161.098  -0.733  4.097  0  0.0148548  1.2000000
2   -161.071  -0.731  4.107  0  0.0148891  1.2000000
2   -161.044  -0.729  4.088  0  0.0149025  1.2000000
2   -161.016  -0.727  4.189  0  0.0148964  1.2000000
2   -160.989  -0.725  4.335  0  0.0148013  1.2000000
2   -160.962  -0.723  4.364  0  0.0146254  1.2000000
2   -160.935  -0.721  4.351  0  0.0144415  1.2000000
2   -160.908  -0.719  4.255  0  0.0143318  1.2000000
2   -160.881  -0.717  4.133  0  0.0143685  1.2000000
2   -160.853  -0.715  4.101  0  0.0145367  1.2000000
2   -160.826  -0.713  4.100  0  0.0147942  1.2000000
2   -160.799  -0.711  4.183  0  0.0151021  1.2000000
2   -160.772  -0.709  4.301  0  0.0153886  1.2000000
2   -160.744  -0.707  4.342  0  0.0156340  1.2000000
2   -160.717  -0.705  4.351  0  0.0158820  1.2000000
2   -160.690  -0.703  4.451  0  0.0161284  1.2000000
2   -160.663  -0.701  4.592  0  0.0162767  1.2000000
2   -160.635  -0.698  4.621  0  0.0162737  1.2000000
2   -160.608  -0.696  4.610  0  0.0161453  1.2000000
2   -160.581  -0.694  4.671  0  0.0158719  1.2000000
2   -160.554  -0.692  4.757  0  0.0154339  1.2000000
2   -160.526  -0.690  4.747  0  0.0149032  1.2000000
2   -160.499  -0.687  4.701  0  0.0143721  1.2000000
2   -160.471  -0.685  4.757  0  0.0138368  1.2000000
2   -160.444  -0.683  4.852  0  0.0132353  1.2000000
2   -160.417  -0.680  4.888  0  0.0125606  1.2000000
2   -160.390  -0.678  4.899  0  0.0118589  1.2000000
2   -160.362  -0.676  4.817  0  0.0112135  1.2000000
2   -160.335  -0.673  4.699  0  0.0107106  1.2000000
2   -160.308  -0.671  4.653  0  0.0103555  1.2000000
2   -160.280  -0.669  4.629  0  0.0101126  1.2000000
2   -160.253  -0.667  4.668  0  0.0099400  1.2000000
2   -160.226  -0.665  4.734  0  0.0097830  1.2000000
2   -160.199  -0.662  4.735  0  0.0096376  1.2000000
2   -160.172  -0.660  4.708  0  0.0095482  1.2000000
2   -160.145  -0.658  4.782  0  0.0095053  1.2000000
2   -160.118  -0.656  4.896  0  0.0093992  1.2000000
2   -160.091  -0.653  4.911  0  0.0091566  1.2000000
2   -160.064  -0.651  4.887  0  0.0088049  1.2000000
2   -160.036  -0.649  4.942  0  0.0083429  1.2000000
2   -160.009  -0.646  5.017  0  0.0077627  1.2000000
2   -159.982  -0.644  5.037  0  0.0071262  1.2000000
2   -159.955  -0.642  5.036  0  0.0064979  1.2000000
2   -159.928  -0.639  5.113  0  0.0058700  1.2000000
2   -159.901  -0.637  5.219  0  0.0051978  1.2000000
2   -159.874  -0.634  5.241  0  0.0045016  1.2000000
2   -159.846  -0.632  5.228  0  0.0038430  1.2000000
2   -159.819  -0.629  5.131  0  0.0032958  1.2000000
2   -159.792  -0.627  5.004  0  0.0029312  1.2000000
2   -159.765  -0.624  4.958  0  0.0027418  1.2000000
2   -159.738  -0.622  4.936  0  0.0026729  1.2000000
3   -159.710  -0.620  4.954  0  0.0026734  1.2000000
3   -159.683  -0.617  4.993  0  0.0026944  1.2000000
3   -159.656  -0.615  4.942  0  0.0027473  1.2000000
3   -159.629  -0.613  4.851  0  0.0028980  1.2000000
3   -159.602  -0.610  4.866  0  0.0031440  1.2000000
3   -159.575  -0.608  4.927  0  0.0033857  1.2000000
3   -159.547  -0.606  4.925  0  0.0035528  1.2000000
3   -159.520  -0.603  4.897  0  0.0036476  1.2000000
3   -159.493  -0.601  4.949  0  0.0036424  1.2000000
3   -159.467  -0.599  5.024  0  0.0035210  1.2000000
3   -159.440  -0.596  5.041  0  0.0033507  1.2000000
3   -159.413  -0.594  5.037  0  0.0031988  1.2000000
3   -159.386  -0.592  5.108  0  0.0030560  1.2000000
3   -159.359  -0.589  5.207  0  0.0028747  1.2000000
3   -159.332  -0.587  5.211  0  0.0026752  1.2000000
3   -159.305  -0.584  5.181  0  0.0025260  1.2000000
3   -159.279  -0.582  5.056  0  0.0025107  1.2000000
3   -159.252  -0.580  4.900  0  0.0027141  1.2000000
3   -159.225  -0.577  4.858  0  0.0031247  1.2000000
3   -159.198  -0.575  4.848  0  0.0036665  1.2000000
3   -159.172  -0.573  4.908  0  0.0042594  1.2000000
3   -159.145  -0.570  4.998  0  0.0048375  1.2000000
3   -159.118  -0.568  4.987  0  0.0054234  1.2000000
3   -159.091  -0.566  4.939  0  0.0060844  1.2000000
3   -159.064  -0.563  5.000  0  0.0068040  1.2000000
3   -159.038  -0.561  5.107  0  0.0074714  1.2000000
3   -159.011  -0.559  5.117  0  0.0080249  1.2000000
3   -158.984  -0.556  5.091  0  0.0084865  1.2000000
3   -158.957  -0.554  5.150  0  0.0088348  1.2000000
3   -158.930  -0.551  5.237  0  0.0090491  1.2000000
3   -158.903  -0.549  5.241  0  0.0092011  1.2000000
3   -158.876  -0.546  5.213  0  0.0093673  1.2000000
3   -158.848  -0.544  5.268  0  0.0095329  1.2000000
3   -158.821  -0.541  5.356  0  0.0096303  1.1917288
3   -158.794  -0.539  5.361  0  0.0096502  1.1802197
3   -158.767  -0.536  5.334  0  0.0096392  1.1686521
3   -158.740  -0.534  5.221  0  0.0096670  1.1569069
3   -158.713  -0.531  5.079  0  0.0098267  1.1451027
3   -158.686  -0.529  5.023  0  0.0101458  1.1331177
3   -158.659  -0.527  4.990  0  0.0105933  1.1210722
3   -158.631  -0.524  5.069  0  0.0111008  1.1088375
3   -158.604  -0.522  5.197  0  0.0115761  1.0965364
3   -158.577  -0.519  5.234  0  0.0120110  1.0840367
3   -158.550  -0.517  5.238  0  0.0124531  1.0714640
3   -158.523  -0.514  5.321  0  0.0128898  1.0586798
3   -158.496  -0.512  5.442  0  0.0132262  1.0458131
3   -158.469  -0.509  5.474  0  0.0134058  1.0327160
3   -158.442  -0.507  5.472  0  0.0134554  1.0195203
3   -158.415  -0.504  5.567  0  0.0133579  1.0060705
3   -158.388  -0.501  5.692  0  0.0130930  0.9924998
3   -158.361  -0.499  5.712  0  0.0127433  0.9786506
3   -158.334  -0.496  5.694  0  0.0124073  0.9646577
3   -158.307  -0.493  5.772  0  0.0120839  0.9503735
3   -158.280  -0.491  5.888  0  0.0117046  0.9359352
3   -158.252  -0.488  5.904  0  0.0112679  0.9211816
3   -158.225  -0.485  5.880  0  0.0108319  0.9062530
3   -158.198  -0.482  5.787  0  0.0104683  0.8909879
3   -158.171  -0.479  5.673  0  0.0102364  0.8755303
3   -158.143  -0.477  5.624  0  0.0101173  0.8597097
3   -158.116  -0.474  5.595  0  0.0100660  0.8436724
3   -158.089  -0.471  5.660  0  0.0100231  0.8272339
3   -158.062  -0.469  5.766  0  0.0099001  0.8105433
3   -158.034  -0.466  5.774  0  0.0096791  0.7934045
3   -158.007  -0.463  5.740  0  0.0094077  0.7759677
3   -157.980  -0.460  5.767  0  0.0090856  0.7580439
3   -157.952  -0.458  5.825  0  0.0086188  0.7397875
3   -157.925  -0.455  5.778  0  0.0079367  0.7209761
3   -157.898  -0.452  5.690  0  0.0070416  0.7017640
3   -157.871  -0.449  5.741  0  0.0058600  0.6819182
3   -157.843  -0.447  5.841  0  0.0042930  0.6615926
3   -157.816  -0.444  5.876  0  0.0023365  0.6405313
3   -157.789  -0.441  5.887  0  0.0016761  0.6188875
3   -157.762  -0.438  5.966  0  0.0032924  0.5963677
3   -157.735  -0.435  6.072  0  0.0061888  0.5731165
3   -157.708  -0.433  6.076  0  0.0099362  0.5487836
3   -157.681  -0.430  6.042  0  0.0144147  0.5234900
3   -157.654  -0.427  5.940  0  0.0196419  0.4967837
3   -157.627  -0.424  5.817  0  0.0257057  0.4687291
3   -157.600  -0.421  5.803  0  0.0328312  0.4387415
3   -157.573  -0.419  5.816  0  0.0412032  0.4067352
4   -157.546  -0.416  5.907  0  0.0508354  0.3718381
4   -157.519  -0.413  6.027  0  0.0616928  0.3335256
4   -157.492  -0.410  6.048  0  0.0736609  0.2900634
4   -157.465  -0.407  6.032  0  0.0865208  0.2391986
4   -157.438  -0.404  6.089  0  0.1000746  0.1738769
4   -157.412  -0.402  6.181  0  3.1515609  0.0587564
4   -157.385  -0.399  6.149  0  7.2109668  0.0256804
4   -157.358  -0.396  6.102  0  8.5641022  0.0216230
4   -157.332  -0.393  6.096  0  9.0151473  0.0205411
4   -157.305  -0.390  6.097  0  9.1654956  0.0202042
4   -157.279  -0.387  6.037  0  9.2156118  0.0200943
4   -157.253  -0.385  5.955  0  9.2323171  0.0200580
4   -157.227  -0.382  5.912  0  9.2378856  0.0200459
4   -157.201  -0.379  5.881  0  9.2397417  0.0200418
4   -157.175  -0.377  5.740  0  9.2403605  0.0200405
4   -157.149  -0.374  5.554  0  9.2405667  0.0200401
4   -157.124  -0.372  5.210  0  9.2406354  0.0200399
4   -157.099  -0.369  4.793  0  9.2406584  0.0200399
4   -157.074  -0.367  4.365  0  9.2406660  0.0200398
4   -157.050  -0.365  3.917  0  9.2406685  0.0200398
4   -157.026  -0.364  3.462  0  9.2406694  0.0200398
4   -157.002  -0.362  2.985  0  9.2406697  0.0200398
4   -156.979  -0.361  2.247  0  9.2406698  0.0200398
4   -156.957  -0.360  1.366  0  9.2406698  0.0200398
4   -156.936  -0.360  0.326  0  9.2406698  0.0200398
4   -156.915  -0.360  359.144  0  9.2406698  0.0200398
4   -156.895  -0.360  357.380  0  9.2406698  0.0200398
4   -156.877  -0.361  355.175  0  9.2406698  0.0200398
4   -156.860  -0.362  352.223  0  9.2406698  0.0200398
4   -156.844  -0.364  348.447  0  9.2406698  0.0200398
4   -156.830  -0.367  344.808  0  9.2406698  0.0200398
4   -156.817  -0.371  341.742  0  9.2406698  0.0200398
4   -156.805  -0.375  339.457  0  9.2406698  0.0200398
4   -156.794  -0.379  337.930  0  9.2406698  0.0200398
4   -156.784  -0.383  337.316  0  9.2406698  0.0200398
4   -156.774  -0.387  337.682  0  6.1604465  0.0300594
4   -156.765  -0.391  337.682  0  0.0000000  0.0000000
