0   -492.105  -266.935  166.714  0  0.0000000  1.2000000
0   -492.129  -266.929  166.202  0  0.0535743  1.2000000
0   -492.153  -266.923  165.978  0  0.0714324  1.2000000
0   -492.178  -266.917  165.635  0  0.0773851  1.2000000
0   -492.203  -266.911  165.257  0  0.0793693  1.2000000
0   -492.229  -266.904  165.264  0  0.0800308  1.2000000
0   -492.256  -266.897  164.916  0  0.0802512  1.2000000
0   -492.282  -266.890  164.118  0  0.0803247  1.2000000
0   -492.310  -266.882  163.828  0  0.0803492  1.2000000
0   -492.338  -266.874  163.384  0  0.0803574  1.2000000
0   -492.367  -266.865  163.195  0  0.0803601  1.1946743
0   -492.396  -266.856  163.015  0  0.0803610  1.1819093
0   -492.425  -266.847  162.984  0  0.0803613  1.1689651
0   -492.455  -266.838  162.930  0  0.0803614  1.1557097
0   -492.484  -266.829  163.015  0  0.0803614  1.1422125
0   -492.514  -266.820  162.997  0  0.0803615  1.1285984
0   -492.544  -266.811  163.180  0  0.0803615  1.1147412
0   -492.574  -266.802  163.950  0  0.0803615  1.1006411
0   -492.603  -266.794  164.327  0  0.0902411  1.0864708
0   -492.633  -266.785  164.557  0  0.1080989  1.0724538
0   -492.661  -266.777  164.944  0  0.1231868  1.0583749
0   -492.690  -266.770  165.080  0  0.1368410  1.0443223
0   -492.718  -266.762  165.432  0  0.1491131  1.0302029
0   -492.746  -266.755  166.190  0  0.1597096  1.0160446
0   -492.774  -266.748  166.379  0  0.1692922  1.0016721
0   -492.802  -266.741  166.417  0  0.1782526  0.9872031
0   -492.830  -266.734  166.804  0  0.1860171  0.9725467
0   -492.858  -266.728  167.524  0  0.1919738  0.9577289
0   -492.886  -266.722  167.583  0  0.1962751  0.9426088
0   -492.914  -266.716  167.739  0  0.1994970  0.9273996
0   -492.942  -266.709  168.133  0  0.2017169  0.9172030
0   -492.970  -266.704  168.615  0  0.2025492  0.9134373
0   -492.999  -266.698  168.904  0  0.2017938  0.9168538
0   -493.027  -266.692  168.845  0  0.2002383  0.9239696
0   -493.056  -266.687  169.066  0  0.1987651  0.9308113
0   -493.085  -266.681  169.600  0  0.1977075  0.9357858
0   -493.115  -266.676  170.410  0  0.1963083  0.9424495
0   -493.144  -266.671  170.958  0  0.1934976  0.9561263
0   -493.174  -266.666  171.575  0  0.1888030  0.9798768
0   -493.204  -266.661  171.739  0  0.1827137  1.0125006
0   -493.234  -266.657  171.766  0  0.1763282  1.0491282
0   -493.264  -266.653  172.246  0  0.1698360  1.0891892
0   -493.295  -266.649  173.110  0  0.1620489  1.1414692
0   -493.325  -266.645  173.218  0  0.1526542  1.2000000
0   -493.356  -266.641  173.292  0  0.1428329  1.2000000
0   -493.388  -266.637  173.737  0  0.1327676  1.2000000
0   -493.419  -266.634  173.767  0  0.1223542  1.2000000
0   -493.451  -266.631  173.832  0  0.1121972  1.2000000
0   -493.483  -266.627  174.148  0  0.1023292  1.2000000
0   -493.515  -266.624  174.023  0  0.0926740  1.2000000
0   -493.547  -266.620  173.928  0  0.0838859  1.2000000
0   -493.579  -266.617  174.140  0  0.0758287  1.2000000
0   -493.611  -266.614  174.801  0  0.0677158  1.2000000
0   -493.643  -266.611  175.352  0  0.0595569  1.2000000
0   -493.674  -266.608  175.495  0  0.0523210  1.2000000
0   -493.705  -266.606  175.244  0  0.0468937  1.2000000
0   -493.736  -266.603  174.758  0  0.0437473  1.2000000
0   -493.766  -266.601  174.895  0  0.0420887  1.2000000
0   -493.796  -266.598  174.840  0  0.0408889  1.2000000
0   -493.826  -266.595  174.694  0  0.0408568  1.2000000
0   -493.856  -266.592  174.371  0  0.0429245  1.2000000
0   -493.885  -266.589  174.336  0  0.0464284  1.2000000
0   -493.915  -266.586  174.377  0  0.0505214  1.2000000
0   -493.944  -266.584  173.980  0  0.0561191  1.2000000
0   -493.973  -266.581  173.943  0  0.0632655  1.2000000
0   -494.002  -266.578  174.486  0  0.0702880  1.2000000
0   -494.030  -266.575  174.453  0  0.0770577  1.2000000
0   -494.058  -266.572  174.072  0  0.0848674  1.2000000
0   -494.086  -266.569  174.501  0  0.0930832  1.2000000
0   -494.114  -266.566  174.799  0  0.1005352  1.2000000
0   -494.142  -266.564  175.660  0  0.1069705  1.2000000
0   -494.169  -266.562  176.598  0  0.1121072  1.2000000
0   -494.197  -266.560  177.426  0  0.1160612  1.2000000
0   -494.225  -266.559  177.544  0  0.1197572  1.2000000
0   -494.252  -266.558  177.545  0  0.1239132  1.2000000
0   -494.280  -266.557  177.250  0  0.1290736  1.2000000
0   -494.307  -266.555  177.422  0  0.1349538  1.2000000
0   -494.335  -266.554  178.031  0  0.1396092  1.2000000
0   -494.362  -266.553  177.976  0  0.1427739  1.2000000
0   -494.389  -266.552  177.500  0  0.1458962  1.2000000
1   -494.416  -266.551  177.928  0  0.1486361  1.2000000
1   -494.443  -266.550  178.392  0  0.1497351  1.2000000
1   -494.471  -266.549  178.253  0  0.1495835  1.2000000
1   -494.498  -266.548  178.169  0  0.1491754  1.2000000
1   -494.525  -266.548  178.447  0  0.1485730  1.2000000
1   -494.552  -266.547  178.919  0  0.1466673  1.2000000
1   -494.580  -266.546  178.812  0  0.1434967  1.2000000
1   -494.607  -266.546  178.731  0  0.1404550  1.2000000
1   -494.635  -266.545  178.897  0  0.1383669  1.2000000
1   -494.662  -266.545  179.441  0  0.1376379  1.2000000
1   -494.690  -266.544  180.464  0  0.1378325  1.2000000
1   -494.718  -266.545  181.663  0  0.1371793  1.2000000
1   -494.746  -266.545  182.351  0  0.1344366  1.2000000
1   -494.774  -266.547  182.804  0  0.1293934  1.2000000
1   -494.803  -266.548  182.691  0  0.1226437  1.2000000
1   -494.832  -266.549  182.367  0  0.1162247  1.2000000
1   -494.861  -266.550  182.693  0  0.1103275  1.2000000
1   -494.891  -266.552  182.560  0  0.1037472  1.2000000
1   -494.920  -266.553  182.230  0  0.0974571  1.2000000
1   -494.950  -266.554  182.488  0  0.0923569  1.2000000
1   -494.980  -266.556  182.357  0  0.0879295  1.2000000
1   -495.010  -266.557  181.928  0  0.0840591  1.2000000
1   -495.039  -266.558  182.149  0  0.0807459  1.2000000
1   -495.069  -266.559  181.923  0  0.0784191  1.2000000
1   -495.098  -266.560  181.525  0  0.0776476  1.2000000
1   -495.127  -266.561  181.657  0  0.0773963  1.2000000
1   -495.155  -266.562  181.941  0  0.0767521  1.2000000
1   -495.184  -266.563  182.888  0  0.0754039  1.2000000
1   -495.212  -266.564  184.013  0  0.0732154  1.2000000
1   -495.241  -266.566  184.568  0  0.0711581  1.2000000
1   -495.269  -266.568  184.859  0  0.0700535  1.2000000
1   -495.298  -266.571  184.659  0  0.0700735  1.1933576
1   -495.326  -266.573  184.175  0  0.0710618  1.1812780
1   -495.355  -266.575  184.403  0  0.0723250  1.1689637
1   -495.384  -266.577  184.260  0  0.0735522  1.1564580
1   -495.413  -266.579  183.857  0  0.0749948  1.1439567
1   -495.441  -266.581  184.040  0  0.0760872  1.1313783
1   -495.470  -266.583  184.476  0  0.0760096  1.1187475
1   -495.498  -266.586  184.313  0  0.0746298  1.1059112
1   -495.526  -266.588  183.941  0  0.0724672  1.0929735
1   -495.555  -266.590  184.190  0  0.0697206  1.0798178
1   -495.583  -266.592  184.443  0  0.0654222  1.0665483
1   -495.612  -266.594  184.530  0  0.0591467  1.0529633
1   -495.641  -266.596  184.131  0  0.0525863  1.0391277
1   -495.670  -266.598  184.404  0  0.0467030  1.0250142
1   -495.699  -266.601  184.961  0  0.0407306  1.0105961
1   -495.729  -266.603  185.976  0  0.0336008  0.9957348
1   -495.759  -266.606  186.714  0  0.0241914  0.9804244
1   -495.789  -266.610  187.236  0  0.0126621  0.9647913
1   -495.820  -266.614  187.081  0  0.0093055  0.9487143
1   -495.851  -266.618  186.576  0  0.0181157  0.9322324
1   -495.882  -266.621  186.969  0  0.0317705  0.9151926
1   -495.913  -266.625  186.566  0  0.0476713  0.8976814
1   -495.945  -266.629  186.197  0  0.0647012  0.8797427
1   -495.977  -266.632  186.043  0  0.0825023  0.8612566
1   -496.009  -266.636  185.841  0  0.1006409  0.8422127
1   -496.041  -266.639  185.072  0  0.1187231  0.8227454
1   -496.074  -266.642  184.930  0  0.1370715  0.8026591
1   -496.107  -266.645  184.565  0  0.1556623  0.7819782
1   -496.139  -266.647  183.694  0  0.1733022  0.7608028
1   -496.172  -266.649  183.421  0  0.1901015  0.7389006
1   -496.205  -266.651  183.854  0  0.2081904  0.7162776
1   -496.238  -266.654  183.881  0  0.2287338  0.6930002
1   -496.270  -266.656  183.601  0  0.2506281  0.6691453
1   -496.302  -266.658  182.926  0  0.2721269  0.6444500
1   -496.335  -266.659  182.115  0  0.2920704  0.6189209
1   -496.367  -266.661  181.827  0  0.3105574  0.5921971
1   -496.399  -266.662  181.169  0  0.3280408  0.5642003
1   -496.431  -266.662  180.268  0  0.3446934  0.5369576
1   -496.464  -266.662  179.772  0  0.3602684  0.5137559
1   -496.496  -266.662  178.901  0  0.3744516  0.4943059
1   -496.528  -266.662  177.875  0  0.3871220  0.4781351
1   -496.560  -266.660  177.205  0  0.3981534  0.4648940
1   -496.592  -266.659  176.218  0  0.4068924  0.4549137
1   -496.624  -266.657  175.085  0  0.4128066  0.4483992
1   -496.656  -266.654  174.259  0  0.4160560  0.4448987
1   -496.688  -266.651  173.750  0  0.4173178  0.4435541
1   -496.720  -266.647  172.943  0  0.4174356  0.4434290
1   -496.752  -266.643  172.000  0  0.4159882  0.4449712
1   -496.783  -266.639  170.776  0  0.4115280  0.4497918
2   -496.814  -266.634  169.447  0  0.4031046  0.4591864
2   -496.846  -266.628  168.593  0  0.3910042  0.4733901
2   -496.877  -266.622  167.620  0  0.3760899  0.4921537
2   -496.908  -266.615  166.580  0  0.3589389  0.5156579
2   -496.939  -266.608  166.031  0  0.3398999  0.5445260
2   -496.970  -266.600  165.323  0  0.3195205  0.5792365
2   -497.001  -266.592  164.535  0  0.2983098  0.6203964
2   -497.032  -266.583  164.191  0  0.2766896  0.6688409
2   -497.063  -266.574  163.678  0  0.2549718  0.7257696
2   -497.094  -266.565  163.085  0  0.2333216  0.7930612
2   -497.125  -266.556  162.896  0  0.2122072  0.8719012
2   -497.156  -266.546  163.221  0  0.1929672  0.9587517
2   -497.187  -266.537  163.347  0  0.1767644  1.0465419
2   -497.218  -266.528  163.368  0  0.1632939  1.1327762
2   -497.248  -266.519  163.138  0  0.1515608  1.2000000
2   -497.279  -266.509  162.798  0  0.1409998  1.2000000
2   -497.310  -266.500  162.868  0  0.1318298  1.2000000
2   -497.341  -266.490  162.750  0  0.1244565  1.2000000
2   -497.371  -266.481  162.549  0  0.1190465  1.2000000
2   -497.402  -266.471  162.753  0  0.1156103  1.2000000
2   -497.433  -266.462  162.685  0  0.1139809  1.2000000
2   -497.464  -266.452  162.502  0  0.1139435  1.2000000
2   -497.494  -266.442  162.509  0  0.1151293  1.2000000
2   -497.525  -266.432  162.179  0  0.1166194  1.2000000
2   -497.556  -266.423  161.714  0  0.1175971  1.2000000
2   -497.587  -266.412  161.419  0  0.1178066  1.2000000
2   -497.618  -266.402  161.316  0  0.1176072  1.2000000
2   -497.649  -266.392  160.950  0  0.1173920  1.2000000
2   -497.679  -266.381  160.477  0  0.1166694  1.2000000
2   -497.710  -266.370  159.899  0  0.1145858  1.2000000
2   -497.740  -266.359  159.280  0  0.1107516  1.2000000
2   -497.771  -266.347  159.094  0  0.1055602  1.2000000
2   -497.802  -266.336  158.748  0  0.0996390  1.2000000
2   -497.833  -266.324  158.307  0  0.0933119  1.2000000
2   -497.863  -266.311  158.236  0  0.0867797  1.2000000
2   -497.894  -266.299  158.014  0  0.0802566  1.2000000
2   -497.925  -266.287  157.692  0  0.0738532  1.2000000
2   -497.957  -266.274  157.776  0  0.0676982  1.1982188
2   -497.988  -266.261  157.673  0  0.0617481  1.1840407
2   -498.019  -266.248  157.454  0  0.0558085  1.1697139
2   -498.050  -266.235  157.599  0  0.0502050  1.1551123
2   -498.082  -266.222  158.173  0  0.0461711  1.1402669
2   -498.113  -266.210  158.578  0  0.0447903  1.1252536
2   -498.145  -266.197  158.873  0  0.0460347  1.1101559
2   -498.176  -266.185  158.911  0  0.0492621  1.0948503
2   -498.208  -266.173  158.812  0  0.0539771  1.0793800
2   -498.239  -266.161  158.943  0  0.0602405  1.0636182
2   -498.271  -266.149  158.793  0  0.0680741  1.0476070
2   -498.302  -266.136  158.490  0  0.0772335  1.0314215
2   -498.334  -266.124  158.453  0  0.0875191  1.0149144
2   -498.365  -266.112  158.178  0  0.0986984  0.9981254
2   -498.396  -266.099  157.770  0  0.1105568  0.9811328
2   -498.428  -266.086  157.553  0  0.1228951  0.9637755
2   -498.459  -266.073  157.129  0  0.1352672  0.9460963
2   -498.490  -266.060  156.593  0  0.1472881  0.9281866
2   -498.521  -266.047  156.278  0  0.1589259  0.9098619
2   -498.551  -266.034  156.252  0  0.1707093  0.8911620
2   -498.582  -266.020  156.013  0  0.1831759  0.8721679
2   -498.612  -266.007  155.665  0  0.1959840  0.8529629
2   -498.642  -265.993  155.132  0  0.2082435  0.8333450
2   -498.672  -265.979  154.517  0  0.2193397  0.8133657
2   -498.702  -265.965  154.079  0  0.2292769  0.7927899
2   -498.732  -265.950  153.525  0  0.2382825  0.7716558
2   -498.761  -265.936  152.914  0  0.2465688  0.7500538
2   -498.791  -265.921  152.503  0  0.2542916  0.7277095
2   -498.820  -265.905  151.929  0  0.2615572  0.7075095
2   -498.849  -265.890  151.274  0  0.2684903  0.6892524
2   -498.878  -265.874  150.808  0  0.2751793  0.6725093
2   -498.907  -265.858  150.206  0  0.2815531  0.6572950
2   -498.935  -265.842  149.535  0  0.2874907  0.6437285
2   -498.964  -265.825  149.071  0  0.2930713  0.6314786
2   -498.992  -265.808  148.801  0  0.2987518  0.6194789
2   -499.020  -265.791  148.389  0  0.3049052  0.6069847
2   -499.048  -265.774  147.909  0  0.3111562  0.5947978
2   -499.075  -265.757  147.271  0  0.3166761  0.5844362
2   -499.103  -265.739  146.565  0  0.3209810  0.5766025
2   -499.130  -265.721  146.033  0  0.3240750  0.5711006
2   -499.157  -265.703  145.345  0  0.3260554  0.5676339
2   -499.184  -265.684  144.580  0  0.3269833  0.5660240
2   -499.210  -265.666  143.990  0  0.3268078  0.5663277
3   -499.237  -265.646  143.274  0  0.3254467  0.5686949
3   -499.263  -265.627  142.500  0  0.3229076  0.5731641
3   -499.289  -265.607  141.831  0  0.3190654  0.5800622
3   -499.315  -265.586  141.031  0  0.3135162  0.5903232
3   -499.340  -265.566  140.166  0  0.3059891  0.6048358
3   -499.366  -265.545  139.396  0  0.2965286  0.6241207
3   -499.391  -265.523  138.744  0  0.2855359  0.6481327
3   -499.416  -265.501  138.113  0  0.2735936  0.6764045
3   -499.440  -265.479  137.481  0  0.2607302  0.7097519
3   -499.464  -265.457  136.855  0  0.2466897  0.7501175
3   -499.488  -265.435  136.228  0  0.2315059  0.7992763
3   -499.512  -265.412  135.980  0  0.2155769  0.8582841
3   -499.536  -265.389  135.641  0  0.1994181  0.9277660
3   -499.560  -265.366  135.243  0  0.1832779  1.0093868
3   -499.584  -265.342  135.148  0  0.1673300  1.1054832
3   -499.607  -265.318  134.905  0  0.1518035  1.2000000
3   -499.631  -265.295  134.580  0  0.1367894  1.2000000
3   -499.655  -265.270  134.561  0  0.1224197  1.2000000
3   -499.679  -265.246  134.388  0  0.1086741  1.2000000
3   -499.702  -265.222  134.126  0  0.0953598  1.2000000
3   -499.726  -265.197  134.130  0  0.0827316  1.2000000
3   -499.750  -265.173  134.461  0  0.0717160  1.2000000
3   -499.774  -265.148  134.625  0  0.0630457  1.2000000
3   -499.798  -265.124  134.675  0  0.0564882  1.2000000
3   -499.822  -265.100  134.518  0  0.0514179  1.2000000
3   -499.846  -265.075  134.248  0  0.0473624  1.2000000
3   -499.870  -265.051  134.261  0  0.0442018  1.2000000
3   -499.894  -265.026  134.122  0  0.0419354  1.2000000
3   -499.918  -265.002  133.885  0  0.0404369  1.2000000
3   -499.941  -264.977  133.957  0  0.0395719  1.2000000
3   -499.965  -264.952  133.883  0  0.0392535  1.2000000
3   -499.989  -264.928  133.718  0  0.0394452  1.2000000
3   -500.013  -264.903  133.803  0  0.0400726  1.2000000
3   -500.036  -264.878  133.698  0  0.0407019  1.2000000
3   -500.060  -264.854  133.494  0  0.0408940  1.2000000
3   -500.083  -264.829  133.497  0  0.0406766  1.2000000
3   -500.107  -264.804  133.743  0  0.0406605  1.2000000
3   -500.131  -264.779  133.768  0  0.0413985  1.2000000
3   -500.154  -264.755  133.675  0  0.0425046  1.2000000
3   -500.177  -264.730  133.383  0  0.0432000  1.2000000
3   -500.201  -264.706  132.990  0  0.0430856  1.2000000
3   -500.224  -264.681  132.949  0  0.0423799  1.2000000
3   -500.247  -264.656  132.744  0  0.0415339  1.2000000
3   -500.270  -264.631  132.435  0  0.0408235  1.2000000
3   -500.293  -264.606  132.464  0  0.0404255  1.2000000
3   -500.316  -264.581  132.316  0  0.0405010  1.2000000
3   -500.339  -264.556  132.060  0  0.0411678  1.2000000
3   -500.362  -264.531  132.133  0  0.0425260  1.2000000
3   -500.384  -264.505  132.007  0  0.0442832  1.2000000
3   -500.407  -264.480  131.760  0  0.0458532  1.2000000
3   -500.430  -264.455  131.835  0  0.0472595  1.2000000
3   -500.452  -264.429  132.333  0  0.0494824  1.2000000
3   -500.475  -264.404  132.622  0  0.0534241  1.2000000
3   -500.498  -264.380  132.794  0  0.0591647  1.2000000
3   -500.520  -264.356  132.691  0  0.0658826  1.2000000
3   -500.543  -264.331  132.470  0  0.0727306  1.2000000
3   -500.565  -264.307  132.595  0  0.0800583  1.2000000
3   -500.588  -264.282  132.385  0  0.0880133  1.2000000
3   -500.610  -264.258  131.994  0  0.0961521  1.2000000
3   -500.632  -264.234  131.902  0  0.1045346  1.2000000
3   -500.654  -264.209  131.495  0  0.1129443  1.2000000
3   -500.675  -264.185  130.934  0  0.1209053  1.2000000
3   -500.697  -264.160  130.671  0  0.1285340  1.2000000
3   -500.718  -264.136  130.110  0  0.1357070  1.2000000
3   -500.738  -264.111  129.395  0  0.1418609  1.2000000
3   -500.759  -264.086  128.967  0  0.1466007  1.1970991
3   -500.779  -264.061  128.974  0  0.1502421  1.1836575
3   -500.799  -264.037  129.077  0  0.1537838  1.1702621
3   -500.819  -264.012  128.932  0  0.1575337  1.1567217
3   -500.838  -263.988  128.689  0  0.1610154  1.1431020
3   -500.858  -263.963  128.202  0  0.1638034  1.1292563
3   -500.877  -263.939  127.603  0  0.1654238  1.1182072
3   -500.897  -263.914  127.455  0  0.1662631  1.1125687
3   -500.916  -263.888  127.095  0  0.1671546  1.1066417
3   -500.935  -263.863  126.600  0  0.1676517  1.1033638
3   -500.954  -263.838  126.505  0  0.1675704  1.1038991
3   -500.973  -263.812  126.178  0  0.1674186  1.1048985
3   -500.992  -263.787  125.714  0  0.1670537  1.1073094
3   -501.010  -263.761  125.571  0  0.1664477  1.1113365
3   -501.028  -263.736  125.177  0  0.1658216  1.1155276
4   -501.046  -263.711  124.606  0  0.1648607  1.1220225
4   -501.063  -263.685  124.318  0  0.1634220  1.1318888
4   -501.080  -263.661  124.103  0  0.1615911  1.1446989
4   -501.097  -263.636  124.257  0  0.1596630  1.1585069
4   -501.114  -263.611  124.514  0  0.1580716  1.1701561
4   -501.131  -263.587  124.430  0  0.1566535  1.1807366
4   -501.147  -263.562  124.202  0  0.1551668  1.1920362
4   -501.164  -263.537  123.651  0  0.1530040  1.2000000
4   -501.181  -263.512  122.956  0  0.1495602  1.2000000
4   -501.197  -263.487  122.614  0  0.1453723  1.2000000
4   -501.214  -263.461  122.058  0  0.1404199  1.2000000
4   -501.230  -263.436  121.366  0  0.1338104  1.2000000
4   -501.246  -263.410  121.144  0  0.1259941  1.2000000
4   -501.261  -263.384  121.044  0  0.1179627  1.2000000
4   -501.277  -263.358  120.699  0  0.1096949  1.2000000
4   -501.292  -263.332  120.264  0  0.1007407  1.2000000
4   -501.308  -263.305  120.258  0  0.0914257  1.2000000
4   -501.324  -263.278  120.033  0  0.0824856  1.2000000
4   -501.339  -263.251  119.694  0  0.0739223  1.2000000
4   -501.355  -263.224  119.729  0  0.0657106  1.2000000
4   -501.370  -263.197  120.290  0  0.0584644  1.2000000
4   -501.386  -263.170  120.597  0  0.0524049  1.2000000
4   -501.402  -263.143  120.787  0  0.0470957  1.2000000
4   -501.418  -263.117  120.647  0  0.0422374  1.2000000
4   -501.433  -263.091  120.392  0  0.0377234  1.2000000
4   -501.448  -263.064  120.597  0  0.0339812  1.2000000
4   -501.464  -263.038  120.492  0  0.0314824  1.2000000
4   -501.479  -263.013  120.193  0  0.0299077  1.2000000
4   -501.494  -262.987  120.343  0  0.0291856  1.2000000
4   -501.509  -262.962  120.614  0  0.0300598  1.2000000
4   -501.523  -262.937  120.470  0  0.0325170  1.2000000
4   -501.538  -262.912  120.143  0  0.0353882  1.2000000
4   -501.553  -262.887  120.171  0  0.0385148  1.2000000
4   -501.567  -262.862  120.300  0  0.0428671  1.2000000
4   -501.582  -262.837  119.989  0  0.0480712  1.2000000
4   -501.596  -262.811  119.482  0  0.0526410  1.2000000
4   -501.611  -262.786  119.362  0  0.0564092  1.2000000
4   -501.625  -262.760  119.345  0  0.0600092  1.2000000
4   -501.640  -262.734  119.737  0  0.0639812  1.2000000
4   -501.655  -262.708  119.844  0  0.0687568  1.2000000
4   -501.670  -262.681  119.820  0  0.0740719  1.2000000
4   -501.685  -262.655  119.477  0  0.0795402  1.2000000
4   -501.701  -262.628  119.040  0  0.0851154  1.2000000
4   -501.716  -262.601  119.049  0  0.0907999  1.2000000
4   -501.731  -262.573  118.794  0  0.0965374  1.2000000
4   -501.746  -262.546  118.407  0  0.1023339  1.2000000
4   -501.761  -262.518  118.461  0  0.1082226  1.2000000
4   -501.777  -262.489  118.206  0  0.1139616  1.2000000
4   -501.792  -262.461  117.804  0  0.1193534  1.2000000
4   -501.807  -262.433  117.774  0  0.1247760  1.2000000
4   -501.822  -262.404  117.415  0  0.1297900  1.2000000
4   -501.837  -262.375  116.891  0  0.1333119  1.2000000
4   -501.852  -262.346  116.730  0  0.1356501  1.2000000
4   -501.867  -262.316  117.043  0  0.1384966  1.2000000
4   -501.881  -262.287  117.038  0  0.1427449  1.2000000
4   -501.896  -262.259  116.883  0  0.1477731  1.2000000
4   -501.911  -262.230  116.371  0  0.1525095  1.1883612
4   -501.925  -262.201  115.725  0  0.1561909  1.1748072
4   -501.939  -262.172  115.493  0  0.1589832  1.1610137
4   -501.953  -262.143  114.928  0  0.1612629  1.1470259
4   -501.966  -262.114  114.205  0  0.1630630  1.1343780
4   -501.979  -262.085  113.982  0  0.1644626  1.1247352
4   -501.993  -262.055  113.522  0  0.1656404  1.1167471
4   -502.005  -262.026  112.968  0  0.1667051  1.1096225
4   -502.018  -261.996  112.860  0  0.1678086  1.1023338
4   -502.031  -261.966  112.443  0  0.1686576  1.0967909
4   -502.043  -261.936  111.921  0  0.1687763  1.0960200
4   -502.055  -261.906  111.796  0  0.1684371  1.0982248
4   -502.067  -261.876  112.163  0  0.1688692  1.0908708
4   -502.079  -261.845  112.256  0  0.1707993  1.0758328
4   -502.092  -261.816  112.221  0  0.1738116  1.0607658
4   -502.104  -261.786  111.820  0  0.1769428  1.0454882
4   -502.116  -261.756  111.288  0  0.1791013  1.0329013
4   -502.127  -261.726  111.087  0  0.1803618  1.0256897
4   -502.139  -261.696  110.607  0  0.1812857  1.0204678
4   -502.150  -261.666  110.031  0  0.1817716  1.0177429
4   -502.162  -261.635  109.775  0  0.1818134  1.0175089
4   -502.173  -261.605  109.218  0  0.1815711  1.0188654
4   -502.183  -261.574  108.554  0  0.1807736  1.0233559
4   -502.194  -261.543  108.221  0  0.1789608  1.0337109
5   -502.204  -261.512  107.619  0  0.1758156  1.0521840
5   -502.214  -261.481  106.930  0  0.1712006  1.0805167
5   -502.224  -261.449  106.510  0  0.1652640  1.1192874
5   -502.233  -261.417  106.552  0  0.1589981  1.1633454
5   -502.243  -261.384  106.419  0  0.1531675  1.2000000
5   -502.252  -261.352  106.042  0  0.1473943  1.2000000
5   -502.261  -261.321  105.601  0  0.1409517  1.2000000
5   -502.270  -261.289  105.566  0  0.1337582  1.2000000
5   -502.279  -261.257  105.293  0  0.1261857  1.2000000
5   -502.288  -261.225  104.928  0  0.1185072  1.2000000
5   -502.296  -261.194  104.931  0  0.1113172  1.2000000
5   -502.304  -261.162  104.665  0  0.1048278  1.1908974
5   -502.313  -261.130  104.294  0  0.0989144  1.1771159
5   -502.321  -261.099  104.302  0  0.0939430  1.1630899
5   -502.329  -261.067  104.062  0  0.0897092  1.1488610
5   -502.337  -261.035  103.719  0  0.0857048  1.1345263
5   -502.345  -261.003  103.741  0  0.0824577  1.1199033
5   -502.353  -260.971  104.192  0  0.0810800  1.1050327
5   -502.361  -260.939  104.401  0  0.0823082  1.0899955
5   -502.369  -260.907  104.509  0  0.0861190  1.0748935
5   -502.377  -260.875  104.346  0  0.0919348  1.0595360
5   -502.385  -260.844  104.078  0  0.0989096  1.0439750
5   -502.393  -260.812  104.131  0  0.1067554  1.0280272
5   -502.401  -260.779  103.913  0  0.1155746  1.0117337
5   -502.409  -260.747  103.538  0  0.1252551  0.9951930
5   -502.417  -260.715  103.493  0  0.1356933  0.9782489
5   -502.425  -260.682  103.179  0  0.1467292  0.9609376
5   -502.433  -260.649  102.683  0  0.1581212  0.9433786
5   -502.440  -260.617  102.445  0  0.1696448  0.9254165
5   -502.447  -260.584  101.925  0  0.1807857  0.9070914
5   -502.454  -260.551  101.263  0  0.1909801  0.8885179
5   -502.461  -260.518  100.876  0  0.2001403  0.8694789
5   -502.467  -260.486  100.834  0  0.2089425  0.8500103
5   -502.473  -260.453  100.538  0  0.2180052  0.8302038
5   -502.479  -260.421  100.123  0  0.2268297  0.8101641
5   -502.485  -260.388  99.456  0  0.2343322  0.7896436
5   -502.490  -260.356  98.694  0  0.2398198  0.7715890
5   -502.495  -260.324  98.206  0  0.2433076  0.7605367
5   -502.500  -260.291  97.558  0  0.2450556  0.7551157
5   -502.504  -260.258  96.829  0  0.2452333  0.7545692
5   -502.508  -260.226  96.379  0  0.2438667  0.7587942
5   -502.512  -260.193  95.762  0  0.2410197  0.7677506
5   -502.515  -260.160  95.048  0  0.2368109  0.7813849
5   -502.518  -260.127  94.593  0  0.2312069  0.8003090
5   -502.521  -260.094  93.994  0  0.2239268  0.8263064
5   -502.523  -260.062  93.323  0  0.2148227  0.8612947
5   -502.525  -260.029  92.917  0  0.2041720  0.9061840
5   -502.527  -259.996  92.836  0  0.1928677  0.9592461
5   -502.528  -259.963  92.681  0  0.1818282  1.0174263
5   -502.530  -259.931  92.485  0  0.1709552  1.0820663
5   -502.531  -259.899  92.130  0  0.1595948  1.1590008
5   -502.532  -259.868  91.725  0  0.1474419  1.2000000
5   -502.533  -259.836  91.692  0  0.1348047  1.2000000
5   -502.534  -259.804  91.437  0  0.1221286  1.2000000
5   -502.535  -259.772  91.100  0  0.1095704  1.2000000
5   -502.536  -259.741  91.106  0  0.0971760  1.2000000
5   -502.536  -259.709  90.913  0  0.0850729  1.2000000
5   -502.537  -259.677  90.642  0  0.0733576  1.2000000
5   -502.537  -259.646  90.665  0  0.0620322  1.2000000
5   -502.537  -259.614  90.456  0  0.0507020  1.2000000
5   -502.538  -259.582  90.162  0  0.0389976  1.2000000
5   -502.538  -259.550  90.199  0  0.0272471  1.2000000
5   -502.538  -259.518  90.584  0  0.0165556  1.2000000
5   -502.538  -259.486  90.741  0  0.0078188  1.2000000
5   -502.539  -259.454  90.796  0  0.0045829  1.2000000
5   -502.539  -259.423  90.739  0  0.0072807  1.2000000
5   -502.539  -259.391  90.634  0  0.0117435  1.2000000
5   -502.540  -259.359  90.892  0  0.0162313  1.2000000
5   -502.540  -259.327  90.893  0  0.0200409  1.2000000
5   -502.541  -259.296  90.804  0  0.0230383  1.2000000
5   -502.541  -259.264  91.047  0  0.0252368  1.2000000
5   -502.542  -259.233  91.065  0  0.0266799  1.2000000
5   -502.542  -259.201  91.002  0  0.0273637  1.2000000
5   -502.543  -259.169  91.311  0  0.0272601  1.2000000
5   -502.544  -259.137  91.299  0  0.0268148  1.2000000
5   -502.544  -259.106  91.182  0  0.0265799  1.2000000
5   -502.545  -259.074  91.412  0  0.0263802  1.2000000
5   -502.546  -259.042  92.086  0  0.0251176  1.2000000
5   -502.547  -259.010  92.382  0  0.0220086  1.2000000
5   -502.548  -258.978  92.536  0  0.0176522  1.2000000
6   -502.550  -258.947  92.352  0  0.0132106  1.2000000
6   -502.551  -258.915  92.057  0  0.0093962  1.2000000
6   -502.552  -258.883  92.120  0  0.0061131  1.2000000
6   -502.553  -258.851  91.917  0  0.0031919  1.2000000
6   -502.554  -258.819  91.574  0  0.0017247  1.2000000
6   -502.555  -258.786  91.618  0  0.0020832  1.2000000
6   -502.556  -258.753  91.466  0  0.0031083  1.2000000
6   -502.557  -258.720  91.198  0  0.0041884  1.2000000
6   -502.558  -258.688  91.284  0  0.0051402  1.2000000
6   -502.559  -258.654  91.154  0  0.0055851  1.2000000
6   -502.559  -258.621  90.905  0  0.0051289  1.2000000
6   -502.560  -258.588  91.026  0  0.0039844  1.2000000
6   -502.560  -258.555  91.523  0  0.0032519  1.2000000
6   -502.561  -258.522  91.790  0  0.0039163  1.2000000
6   -502.562  -258.488  91.923  0  0.0056503  1.2000000
6   -502.563  -258.455  91.842  0  0.0074451  1.2000000
6   -502.564  -258.422  91.653  0  0.0087504  1.2000000
6   -502.565  -258.389  91.836  0  0.0098028  1.2000000
6   -502.566  -258.356  91.753  0  0.0109411  1.2000000
6   -502.567  -258.323  91.523  0  0.0122262  1.2000000
6   -502.568  -258.289  91.668  0  0.0136540  1.2000000
6   -502.569  -258.256  91.566  0  0.0152379  1.2000000
6   -502.570  -258.223  91.317  0  0.0169630  1.2000000
6   -502.571  -258.189  91.436  0  0.0188084  1.2000000
6   -502.572  -258.156  91.285  0  0.0203511  1.2000000
6   -502.573  -258.122  90.972  0  0.0210538  1.2000000
6   -502.573  -258.089  91.027  0  0.0210297  1.2000000
6   -502.574  -258.055  91.458  0  0.0212387  1.2000000
6   -502.575  -258.022  91.633  0  0.0224952  1.2000000
6   -502.576  -257.989  91.667  0  0.0243440  1.2000000
6   -502.577  -257.955  91.421  0  0.0256873  1.2000000
6   -502.577  -257.922  91.030  0  0.0258261  1.2000000
6   -502.578  -257.889  91.006  0  0.0248107  1.2000000
6   -502.579  -257.856  90.781  0  0.0229470  1.2000000
6   -502.579  -257.823  90.450  0  0.0203953  1.2000000
6   -502.579  -257.790  90.507  0  0.0172291  1.2000000
6   -502.580  -257.757  90.366  0  0.0135644  1.2000000
6   -502.580  -257.724  90.124  0  0.0095675  1.2000000
6   -502.580  -257.691  90.252  0  0.0053092  1.2000000
6   -502.580  -257.657  90.145  0  0.0037367  1.2000000
6   -502.580  -257.624  89.916  0  0.0069268  1.2000000
6   -502.580  -257.591  90.050  0  0.0128372  1.2000000
6   -502.580  -257.557  90.591  0  0.0191772  1.2000000
6   -502.580  -257.524  90.899  0  0.0245503  1.2000000
6   -502.581  -257.491  91.089  0  0.0291776  1.2000000
6   -502.582  -257.458  91.045  0  0.0339706  1.2000000
6   -502.582  -257.425  90.882  0  0.0393114  1.2000000
6   -502.583  -257.392  91.133  0  0.0449076  1.2000000
6   -502.583  -257.358  91.143  0  0.0503374  1.2000000
6   -502.584  -257.325  91.016  0  0.0553352  1.2000000
6   -502.585  -257.292  91.302  0  0.0597685  1.2000000
6   -502.585  -257.258  91.329  0  0.0635912  1.2000000
6   -502.586  -257.225  91.215  0  0.0667638  1.2000000
6   -502.587  -257.191  91.491  0  0.0692791  1.2000000
6   -502.588  -257.158  91.497  0  0.0716158  1.2000000
6   -502.589  -257.124  91.350  0  0.0743723  1.2000000
6   -502.589  -257.090  91.619  0  0.0773762  1.2000000
6   -502.590  -257.056  92.364  0  0.0794417  1.2000000
6   -502.592  -257.023  92.881  0  0.0794954  1.2000000
6   -502.593  -256.989  93.259  0  0.0778664  1.2000000
6   -502.595  -256.955  93.383  0  0.0755565  1.2000000
6   -502.597  -256.921  93.377  0  0.0731114  1.2000000
6   -502.599  -256.888  93.844  0  0.0703027  1.2000000
6   -502.602  -256.853  93.957  0  0.0668175  1.2000000
6   -502.604  -256.819  93.779  0  0.0627796  1.2000000
6   -502.606  -256.785  94.090  0  0.0583033  1.2000000
6   -502.609  -256.751  94.076  0  0.0534222  1.2000000
6   -502.611  -256.717  93.824  0  0.0482931  1.2000000
6   -502.613  -256.683  94.037  0  0.0430030  1.2000000
6   -502.616  -256.648  93.936  0  0.0380057  1.2000000
6   -502.618  -256.614  93.607  0  0.0339159  1.2000000
6   -502.620  -256.580  93.715  0  0.0305645  1.2000000
6   -502.623  -256.545  94.340  0  0.0266898  1.2000000
6   -502.625  -256.511  94.712  0  0.0211419  1.2000000
6   -502.628  -256.477  94.889  0  0.0143334  1.2000000
6   -502.631  -256.443  94.799  0  0.0075029  1.2000000
6   -502.634  -256.410  94.541  0  0.0042120  1.2000000
6   -502.636  -256.376  94.764  0  0.0058718  1.2000000
6   -502.639  -256.342  94.629  0  0.0096712  1.2000000
6   -502.642  -256.309  94.313  0  0.0138916  1.2000000
7   -502.644  -256.276  94.461  0  0.0179526  1.2000000
7   -502.647  -256.242  94.270  0  0.0216266  1.2000000
7   -502.649  -256.209  93.887  0  0.0248595  1.2000000
7   -502.652  -256.176  93.960  0  0.0276901  1.2000000
7   -502.654  -256.142  93.717  0  0.0297441  1.2000000
7   -502.656  -256.109  93.300  0  0.0306135  1.2000000
7   -502.658  -256.075  93.334  0  0.0305768  1.2000000
7   -502.660  -256.042  93.860  0  0.0308745  1.2000000
7   -502.662  -256.008  94.060  0  0.0326154  1.2000000
7   -502.665  -255.975  94.069  0  0.0353788  1.2000000
7   -502.667  -255.942  93.804  0  0.0379199  1.2000000
7   -502.669  -255.908  93.394  0  0.0394198  1.2000000
7   -502.671  -255.874  93.471  0  0.0400684  1.2000000
7   -502.673  -255.841  93.308  0  0.0403433  1.2000000
7   -502.675  -255.807  92.971  0  0.0403755  1.2000000
7   -502.677  -255.773  93.071  0  0.0401716  1.2000000
7   -502.679  -255.739  92.930  0  0.0397863  1.2000000
7   -502.681  -255.705  92.610  0  0.0392751  1.2000000
7   -502.682  -255.671  92.716  0  0.0386319  1.2000000
7   -502.684  -255.637  92.568  0  0.0375154  1.2000000
7   -502.685  -255.603  92.238  0  0.0355107  1.2000000
7   -502.687  -255.569  92.309  0  0.0327898  1.2000000
7   -502.688  -255.535  92.804  0  0.0304504  1.2000000
7   -502.690  -255.501  93.015  0  0.0294857  1.2000000
7   -502.691  -255.467  93.049  0  0.0294140  1.2000000
7   -502.693  -255.434  92.810  0  0.0290140  1.2000000
7   -502.695  -255.400  92.417  0  0.0275576  1.2000000
7   -502.696  -255.367  92.436  0  0.0251788  1.2000000
7   -502.698  -255.333  92.225  0  0.0223127  1.2000000
7   -502.699  -255.300  91.885  0  0.0191868  1.2000000
7   -502.700  -255.267  91.947  0  0.0157936  1.2000000
7   -502.701  -255.233  91.794  0  0.0121473  1.2000000
7   -502.702  -255.200  91.511  0  0.0083744  1.2000000
7   -502.703  -255.167  91.649  0  0.0045147  1.2000000
7   -502.704  -255.134  91.544  0  0.0032615  1.2000000
7   -502.705  -255.100  91.298  0  0.0062473  1.2000000
7   -502.706  -255.067  91.458  0  0.0113529  1.2000000
7   -502.707  -255.034  92.085  0  0.0163286  1.2000000
7   -502.708  -255.001  92.457  0  0.0196790  1.2000000
7   -502.709  -254.968  92.674  0  0.0216750  1.2000000
7   -502.711  -254.936  92.627  0  0.0234195  1.2000000
7   -502.712  -254.903  92.426  0  0.0255463  1.2000000
7   -502.714  -254.871  92.697  0  0.0278350  1.2000000
7   -502.715  -254.839  92.647  0  0.0298763  1.2000000
7   -502.717  -254.807  92.471  0  0.0315070  1.2000000
7   -502.718  -254.775  92.748  0  0.0326339  1.2000000
7   -502.719  -254.744  92.675  0  0.0332928  1.2000000
7   -502.721  -254.712  92.465  0  0.0335416  1.2000000
7   -502.722  -254.681  92.750  0  0.0333309  1.2000000
7   -502.724  -254.649  92.653  0  0.0331571  1.2000000
7   -502.725  -254.618  92.407  0  0.0336477  1.2000000
7   -502.727  -254.587  92.633  0  0.0345357  1.2000000
7   -502.728  -254.555  93.369  0  0.0344991  1.2000000
7   -502.730  -254.524  93.710  0  0.0325000  1.2000000
7   -502.732  -254.493  93.904  0  0.0291186  1.2000000
7   -502.734  -254.462  93.768  0  0.0257227  1.2000000
7   -502.736  -254.431  93.494  0  0.0231521  1.1914626
7   -502.738  -254.399  93.720  0  0.0211970  1.1782083
7   -502.740  -254.368  93.610  0  0.0195055  1.1647505
7   -502.742  -254.336  93.340  0  0.0180058  1.1511480
7   -502.744  -254.305  93.555  0  0.0166235  1.1372813
7   -502.746  -254.273  93.443  0  0.0153690  1.1231694
7   -502.748  -254.241  93.166  0  0.0142916  1.1088678
7   -502.750  -254.209  93.366  0  0.0133765  1.0942565
7   -502.751  -254.176  93.238  0  0.0129891  1.0793589
7   -502.753  -254.144  92.947  0  0.0136314  1.0642263
7   -502.755  -254.111  93.117  0  0.0151283  1.0487253
7   -502.757  -254.078  93.745  0  0.0162979  1.0328614
7   -502.759  -254.045  94.048  0  0.0161344  1.0166471
7   -502.761  -254.012  94.180  0  0.0151698  1.0001226
7   -502.764  -253.978  94.038  0  0.0146841  0.9831451
7   -502.766  -253.945  93.738  0  0.0153511  0.9657495
7   -502.768  -253.910  93.898  0  0.0168831  0.9477957
7   -502.771  -253.876  93.849  0  0.0188098  0.9292685
7   -502.773  -253.841  93.596  0  0.0210065  0.9101860
7   -502.775  -253.805  93.780  0  0.0235162  0.8905629
7   -502.778  -253.770  93.745  0  0.0263384  0.8703818
7   -502.780  -253.734  93.505  0  0.0295060  0.8496497
7   -502.782  -253.699  93.673  0  0.0331588  0.8283449
7   -502.784  -253.663  93.628  0  0.0377648  0.8064252
8   -502.787  -253.627  93.393  0  0.0439740  0.7838865
8   -502.789  -253.591  93.562  0  0.0519678  0.7606613
8   -502.791  -253.555  94.166  0  0.0610081  0.7366870
8   -502.794  -253.520  94.572  0  0.0704121  0.7118878
8   -502.797  -253.484  94.807  0  0.0810035  0.6862257
8   -502.800  -253.448  94.846  0  0.0946929  0.6596029
8   -502.803  -253.412  94.721  0  0.1132965  0.6319578
8   -502.805  -253.377  95.062  0  0.1377710  0.6031022
8   -502.809  -253.342  95.158  0  0.1684354  0.5728730
8   -502.812  -253.306  95.006  0  0.2060779  0.5411103
8   -502.815  -253.271  95.299  0  0.2514422  0.5076048
8   -502.818  -253.237  95.412  0  0.3051381  0.4720607
8   -502.821  -253.202  95.350  0  0.3684185  0.4340957
8   -502.824  -253.169  95.765  0  0.4420479  0.3930874
8   -502.828  -253.135  95.984  0  0.5264785  0.3480425
8   -502.831  -253.103  96.021  0  0.6226196  0.2973407
8   -502.835  -253.071  96.623  0  0.7305268  0.2534311
8   -502.838  -253.040  97.850  0  0.8482934  0.2182556
8   -502.842  -253.010  99.118  0  0.9735293  0.1901843
8   -502.847  -252.981  100.476  0  1.1044554  0.1676429
8   -502.852  -252.954  101.920  0  1.2398462  0.1493391
8   -502.858  -252.928  103.532  0  1.3777476  0.1343935
8   -502.863  -252.904  106.329  0  1.5131143  0.1223718
8   -502.870  -252.881  110.143  0  1.8034084  0.1026757
8   -502.877  -252.861  114.870  0  2.1022236  0.0880824
8   -502.885  -252.844  121.055  0  2.2018287  0.0840981
8   -502.895  -252.828  126.338  0  2.2350304  0.0828489
8   -502.905  -252.815  131.440  0  2.2460977  0.0824407
8   -502.916  -252.802  135.974  0  2.2497867  0.0823056
8   -502.927  -252.792  139.780  0  2.2510164  0.0822606
8   -502.938  -252.782  142.704  0  2.2514263  0.0822456
8   -502.951  -252.772  145.094  0  2.2515630  0.0822406
8   -502.963  -252.764  147.232  0  2.2516085  0.0822390
8   -502.975  -252.756  148.487  0  2.2516237  0.0822384
8   -502.988  -252.748  149.680  0  2.2516287  0.0822382
8   -503.001  -252.741  150.026  0  2.2516304  0.0822382
8   -503.013  -252.733  150.648  0  2.2516310  0.0822381
8   -503.026  -252.726  150.348  0  2.2516312  0.0822381
8   -503.038  -252.719  150.703  0  2.2516312  0.0822381
8   -503.050  -252.712  150.106  0  2.2516313  0.0822381
8   -503.062  -252.706  148.596  0  1.5010875  0.1184360
8   -503.074  -252.698  148.596  0  0.0000000  0.0000000
