0   -329.009  -260.808  7.211  0  0.0000000  1.2000000
0   -329.001  -260.807  6.185  0  0.0813690  1.2000000
0   -328.992  -260.806  4.350  0  0.1084919  1.2000000
0   -328.984  -260.805  1.614  0  0.1175329  1.2000000
0   -328.975  -260.805  357.419  0  0.1205466  1.2000000
0   -328.965  -260.805  354.588  0  0.1215512  1.2000000
0   -328.955  -260.806  353.221  0  0.1218860  1.2000000
0   -328.945  -260.808  353.089  0  0.1219976  1.2000000
0   -328.934  -260.809  353.979  0  0.1220348  1.2000000
0   -328.921  -260.810  355.533  0  0.1220472  1.2000000
0   -328.906  -260.812  357.231  0  0.1220514  1.2000000
0   -328.889  -260.812  358.814  0  0.1220528  1.2000000
0   -328.870  -260.813  0.007  0  0.1220532  1.2000000
0   -328.849  -260.813  0.847  0  0.1220534  1.2000000
0   -328.827  -260.812  1.456  0  0.1220534  1.2000000
0   -328.803  -260.812  1.899  0  0.1220534  1.2000000
0   -328.778  -260.811  2.271  0  0.1220534  1.2000000
0   -328.752  -260.810  2.552  0  0.1220534  1.2000000
0   -328.725  -260.809  2.796  0  0.1220534  1.2000000
0   -328.697  -260.807  2.967  0  0.1220534  1.2000000
0   -328.668  -260.806  3.120  0  0.1220534  1.2000000
0   -328.638  -260.804  3.257  0  0.1220534  1.2000000
0   -328.607  -260.802  3.382  0  0.1220534  1.2000000
0   -328.575  -260.801  3.499  0  0.1220534  1.2000000
0   -328.542  -260.799  3.608  0  0.1220534  1.2000000
0   -328.509  -260.796  3.704  0  0.1056406  1.2000000
0   -328.475  -260.794  3.787  0  0.0829856  1.2000000
0   -328.441  -260.792  3.853  0  0.0737073  1.2000000
0   -328.407  -260.790  3.903  0  0.0684602  1.2000000
0   -328.373  -260.787  3.936  0  0.0639433  1.2000000
0   -328.338  -260.785  3.957  0  0.0591127  1.2000000
0   -328.304  -260.783  3.969  0  0.0539523  1.2000000
0   -328.270  -260.780  3.978  0  0.0487103  1.2000000
0   -328.237  -260.778  3.999  0  0.0436668  1.2000000
0   -328.204  -260.776  4.031  0  0.0390605  1.2000000
0   -328.171  -260.773  4.061  0  0.0350358  1.2000000
0   -328.139  -260.771  4.099  0  0.0316577  1.2000000
0   -328.107  -260.769  4.140  0  0.0289121  1.2000000
0   -328.075  -260.766  4.190  0  0.0267005  1.2000000
0   -328.042  -260.764  4.235  0  0.0249088  1.2000000
0   -328.010  -260.762  4.282  0  0.0234406  1.2000000
0   -327.977  -260.759  4.348  0  0.0222044  1.2000000
0   -327.944  -260.757  4.419  0  0.0211192  1.2000000
0   -327.910  -260.754  4.478  0  0.0201333  1.2000000
0   -327.876  -260.751  4.525  0  0.0192178  1.2000000
0   -327.842  -260.749  4.559  0  0.0183564  1.2000000
0   -327.807  -260.746  4.585  0  0.0175473  1.2000000
0   -327.772  -260.743  4.602  0  0.0167960  1.2000000
0   -327.737  -260.740  4.613  0  0.0161108  1.2000000
0   -327.702  -260.737  4.621  0  0.0154978  1.2000000
0   -327.667  -260.735  4.629  0  0.0149573  1.2000000
0   -327.633  -260.732  4.640  0  0.0144834  1.2000000
0   -327.599  -260.729  4.658  0  0.0140630  1.2000000
0   -327.565  -260.726  4.684  0  0.0136789  1.2000000
0   -327.532  -260.724  4.721  0  0.0133096  1.2000000
0   -327.499  -260.721  4.769  0  0.0129327  1.2000000
0   -327.467  -260.718  4.792  0  0.0125473  1.2000000
0   -327.436  -260.716  4.811  0  0.0121678  1.2000000
0   -327.404  -260.713  4.868  0  0.0117863  1.2000000
0   -327.373  -260.710  4.941  0  0.0113818  1.2000000
0   -327.341  -260.708  4.985  0  0.0109606  1.2000000
0   -327.310  -260.705  5.019  0  0.0105410  1.2000000
0   -327.278  -260.702  5.033  0  0.0101408  1.2000000
0   -327.246  -260.699  5.036  0  0.0097811  1.2000000
0   -327.214  -260.696  5.043  0  0.0094688  1.2000000
0   -327.181  -260.694  5.048  0  0.0091999  1.2000000
0   -327.148  -260.691  5.049  0  0.0089792  1.2000000
0   -327.113  -260.688  5.046  0  0.0088177  1.2000000
0   -327.079  -260.684  5.041  0  0.0087194  1.2000000
0   -327.044  -260.681  5.033  0  0.0086815  1.2000000
0   -327.009  -260.678  5.025  0  0.0086982  1.2000000
0   -326.973  -260.675  5.016  0  0.0087620  1.2000000
0   -326.938  -260.672  5.009  0  0.0088645  1.2000000
0   -326.902  -260.669  5.003  0  0.0089969  1.2000000
0   -326.867  -260.666  5.000  0  0.0091514  1.2000000
0   -326.831  -260.663  5.001  0  0.0093184  1.2000000
0   -326.796  -260.660  5.005  0  0.0094875  1.2000000
0   -326.762  -260.657  5.013  0  0.0096590  1.2000000
0   -326.727  -260.654  5.033  0  0.0098373  1.2000000
0   -326.694  -260.651  5.058  0  0.0100286  1.2000000
1   -326.661  -260.648  5.096  0  0.0102379  1.2000000
1   -326.628  -260.645  5.141  0  0.0104694  1.2000000
1   -326.596  -260.642  5.193  0  0.0107309  1.2000000
1   -326.563  -260.639  5.247  0  0.0110314  1.2000000
1   -326.531  -260.636  5.313  0  0.0113780  1.2000000
1   -326.498  -260.633  5.380  0  0.0117644  1.2000000
1   -326.465  -260.630  5.429  0  0.0121928  1.2000000
1   -326.432  -260.627  5.470  0  0.0126771  1.2000000
1   -326.399  -260.624  5.501  0  0.0132331  1.2000000
1   -326.364  -260.620  5.525  0  0.0138853  1.2000000
1   -326.329  -260.617  5.543  0  0.0146651  1.2000000
1   -326.294  -260.613  5.557  0  0.0156063  1.1893619
1   -326.259  -260.610  5.567  0  0.0167439  1.1743585
1   -326.224  -260.607  5.573  0  0.0181195  1.1590991
1   -326.188  -260.603  5.578  0  0.0197805  1.1436208
1   -326.153  -260.600  5.582  0  0.0217770  1.1279452
1   -326.117  -260.596  5.584  0  0.0241727  1.1121109
1   -326.082  -260.593  5.586  0  0.0270413  1.0961517
1   -326.048  -260.589  5.588  0  0.0304391  1.0801051
1   -326.013  -260.586  5.590  0  0.0344115  1.0640168
1   -325.979  -260.583  5.580  0  0.0390110  1.0479392
1   -325.946  -260.579  5.569  0  0.0443043  1.0319729
1   -325.914  -260.576  5.582  0  0.0503479  1.0159127
1   -325.881  -260.573  5.608  0  0.0571933  0.9998271
1   -325.849  -260.570  5.654  0  0.0648657  0.9835402
1   -325.817  -260.567  5.708  0  0.0733834  0.9671273
1   -325.785  -260.564  5.818  0  0.0827052  0.9503694
1   -325.754  -260.560  5.949  0  0.0927094  0.9333452
1   -325.721  -260.557  6.066  0  0.1033042  0.9158323
1   -325.689  -260.554  6.180  0  0.1144487  0.8979007
1   -325.656  -260.550  6.300  0  0.1261239  0.8792588
1   -325.623  -260.546  6.433  0  0.1382977  0.8599563
1   -325.589  -260.543  6.579  0  0.1509452  0.8400120
1   -325.555  -260.539  6.747  0  0.1640505  0.8194677
1   -325.521  -260.535  6.935  0  0.1775983  0.7983377
1   -325.487  -260.530  7.160  0  0.1915748  0.7766647
1   -325.454  -260.526  7.418  0  0.2059725  0.7544685
1   -325.420  -260.522  7.726  0  0.2207943  0.7317937
1   -325.387  -260.517  8.096  0  0.2360383  0.7086818
1   -325.355  -260.513  8.540  0  0.2516273  0.6851847
1   -325.323  -260.508  9.030  0  0.2674683  0.6613729
1   -325.292  -260.503  9.643  0  0.2834427  0.6369615
1   -325.261  -260.498  10.309  0  0.2994046  0.6120116
1   -325.230  -260.492  11.026  0  0.3152441  0.5861198
1   -325.200  -260.486  11.765  0  0.3309075  0.5593152
1   -325.170  -260.480  12.587  0  0.3463348  0.5344142
1   -325.140  -260.473  13.436  0  0.3614793  0.5120359
1   -325.110  -260.466  14.394  0  0.3762319  0.4919681
1   -325.080  -260.458  15.376  0  0.3903829  0.4741431
1   -325.049  -260.450  16.363  0  0.4037657  0.4584349
1   -325.019  -260.441  17.344  0  0.4162664  0.4446740
1   -324.987  -260.431  18.203  0  0.4278873  0.4326024
1   -324.955  -260.421  18.985  0  0.4387132  0.4219318
1   -324.923  -260.410  19.710  0  0.4488217  0.4124329
1   -324.890  -260.398  20.415  0  0.4582681  0.4039347
1   -324.858  -260.386  21.098  0  0.4670791  0.3963178
1   -324.825  -260.373  21.804  0  0.4752284  0.3895244
1   -324.792  -260.360  22.533  0  0.4826513  0.3835361
1   -324.759  -260.346  23.317  0  0.4892433  0.3783703
1   -324.727  -260.332  24.176  0  0.4948487  0.3740859
1   -324.695  -260.318  25.130  0  0.4992638  0.3707790
1   -324.663  -260.303  26.212  0  0.5022754  0.3685567
1   -324.632  -260.288  27.458  0  0.5036422  0.3675568
1   -324.602  -260.272  28.827  0  0.5031559  0.3679119
1   -324.572  -260.256  30.176  0  0.5007743  0.3696610
1   -324.542  -260.238  31.515  0  0.4965917  0.3727734
1   -324.513  -260.221  32.864  0  0.4907508  0.3772084
1   -324.484  -260.202  34.258  0  0.4833855  0.3829537
1   -324.456  -260.183  35.698  0  0.4746018  0.3900385
1   -324.429  -260.163  37.153  0  0.4644837  0.3985315
1   -324.402  -260.143  38.627  0  0.4531259  0.4085167
1   -324.376  -260.122  40.096  0  0.4406260  0.4201009
1   -324.350  -260.100  41.336  0  0.4272110  0.4332870
1   -324.324  -260.077  42.386  0  0.4132723  0.4478942
1   -324.298  -260.054  43.281  0  0.3992032  0.4636719
1   -324.273  -260.030  44.048  0  0.3853628  0.4803169
1   -324.248  -260.006  44.708  0  0.3720109  0.4975474
1   -324.224  -259.982  45.280  0  0.3593084  0.5151280
1   -324.200  -259.957  45.780  0  0.3473819  0.5328041
1   -324.176  -259.933  46.226  0  0.3363467  0.5502753
2   -324.153  -259.909  46.565  0  0.3263363  0.5671455
2   -324.130  -259.885  46.874  0  0.3174321  0.5830450
2   -324.107  -259.861  47.100  0  0.3096818  0.5976280
2   -324.085  -259.837  47.298  0  0.3031734  0.6104497
2   -324.063  -259.812  47.384  0  0.2979968  0.6210476
2   -324.040  -259.788  47.434  0  0.2942119  0.6290321
2   -324.018  -259.764  47.480  0  0.2918482  0.6341233
2   -323.995  -259.739  47.523  0  0.2909564  0.6360658
2   -323.972  -259.713  47.614  0  0.2915645  0.6347400
2   -323.948  -259.687  47.748  0  0.2936206  0.6302979
2   -323.924  -259.661  47.934  0  0.2969968  0.6231374
2   -323.900  -259.635  48.168  0  0.3015455  0.6137433
2   -323.876  -259.608  48.456  0  0.3071572  0.6025370
2   -323.852  -259.580  48.820  0  0.3137310  0.5899192
2   -323.828  -259.553  49.241  0  0.3211430  0.5763117
2   -323.804  -259.525  49.748  0  0.3292538  0.5621229
2   -323.780  -259.497  50.352  0  0.3379099  0.5477311
2   -323.757  -259.469  51.065  0  0.3468834  0.5335695
2   -323.734  -259.440  51.905  0  0.3558494  0.5201326
2   -323.711  -259.412  52.899  0  0.3644462  0.5078695
2   -323.689  -259.383  54.074  0  0.3722968  0.4971655
2   -323.668  -259.353  55.352  0  0.3790745  0.4882807
2   -323.648  -259.324  56.670  0  0.3845355  0.4813497
2   -323.628  -259.294  58.051  0  0.3884927  0.4764490
2   -323.609  -259.263  59.521  0  0.3907800  0.4736615
2   -323.591  -259.233  61.030  0  0.3912325  0.4731140
2   -323.574  -259.201  62.497  0  0.3897914  0.4748623
2   -323.557  -259.170  63.944  0  0.3864761  0.4789339
2   -323.541  -259.138  65.381  0  0.3812978  0.4854350
2   -323.527  -259.105  66.599  0  0.3743528  0.4944363
2   -323.512  -259.072  67.640  0  0.3658590  0.5059094
2   -323.498  -259.039  68.522  0  0.3560744  0.5198041
2   -323.485  -259.005  69.279  0  0.3452451  0.5361000
2   -323.472  -258.970  69.927  0  0.3335998  0.5548038
2   -323.459  -258.936  70.483  0  0.3213549  0.5759319
2   -323.447  -258.901  70.961  0  0.3087197  0.5994894
2   -323.435  -258.867  71.375  0  0.2959007  0.6254441
2   -323.424  -258.832  71.734  0  0.2830708  0.6537732
2   -323.412  -258.798  72.045  0  0.2703748  0.6844515
2   -323.401  -258.764  72.318  0  0.2579487  0.7173998
2   -323.390  -258.730  72.563  0  0.2458814  0.7525815
2   -323.380  -258.696  72.769  0  0.2342467  0.7899317
2   -323.370  -258.663  72.962  0  0.2231106  0.8293270
2   -323.359  -258.630  73.107  0  0.2125519  0.8704885
2   -323.349  -258.597  73.222  0  0.2027051  0.9127355
2   -323.340  -258.564  73.333  0  0.1937004  0.9551259
2   -323.330  -258.532  73.417  0  0.1856245  0.9966388
2   -323.320  -258.499  73.496  0  0.1785252  1.0362309
2   -323.310  -258.466  73.658  0  0.1724154  1.0729116
2   -323.301  -258.433  73.858  0  0.1673027  1.1056632
2   -323.291  -258.400  74.048  0  0.1631978  1.1334426
2   -323.281  -258.366  74.247  0  0.1600927  1.1554010
2   -323.272  -258.332  74.448  0  0.1579801  1.1708334
2   -323.262  -258.297  74.664  0  0.1568438  1.1793054
2   -323.252  -258.262  74.899  0  0.1566042  1.1811081
2   -323.243  -258.227  75.158  0  0.1571244  1.1772024
2   -323.234  -258.192  75.448  0  0.1582386  1.1689232
2   -323.225  -258.157  75.778  0  0.1597639  1.1577762
2   -323.216  -258.122  76.158  0  0.1615188  1.1452111
2   -323.207  -258.088  76.598  0  0.1633186  1.1326051
2   -323.199  -258.053  77.112  0  0.1649589  1.1213555
2   -323.191  -258.019  77.718  0  0.1662128  1.1129054
2   -323.184  -257.985  78.359  0  0.1669061  1.1082877
2   -323.177  -257.951  79.012  0  0.1669364  1.1080866
2   -323.170  -257.917  79.676  0  0.1662145  1.1128936
2   -323.164  -257.883  80.228  0  0.1647203  1.1229776
2   -323.158  -257.849  80.737  0  0.1624908  1.1383680
2   -323.153  -257.815  81.173  0  0.1595840  1.1590797
2   -323.147  -257.780  81.545  0  0.1560851  1.1850316
2   -323.142  -257.744  81.869  0  0.1520694  1.2000000
2   -323.137  -257.708  82.150  0  0.1476150  1.2000000
2   -323.132  -257.673  82.400  0  0.1427927  1.2000000
2   -323.127  -257.637  82.625  0  0.1376568  1.2000000
2   -323.122  -257.601  82.830  0  0.1322752  1.2000000
2   -323.118  -257.565  83.020  0  0.1267204  1.2000000
2   -323.114  -257.529  83.203  0  0.1210335  1.2000000
2   -323.109  -257.493  83.381  0  0.1152327  1.2000000
2   -323.105  -257.458  83.558  0  0.1093306  1.2000000
2   -323.101  -257.423  83.742  0  0.1033311  1.2000000
2   -323.097  -257.389  83.938  0  0.0972334  1.2000000
3   -323.094  -257.355  84.146  0  0.0910266  1.2000000
3   -323.090  -257.322  84.302  0  0.0847451  1.2000000
3   -323.087  -257.289  84.440  0  0.0784606  1.2000000
3   -323.084  -257.256  84.555  0  0.0722364  1.2000000
3   -323.081  -257.224  84.664  0  0.0661325  1.2000000
3   -323.078  -257.192  84.706  0  0.0602478  1.2000000
3   -323.075  -257.160  84.720  0  0.0547198  1.2000000
3   -323.072  -257.127  84.780  0  0.0496068  1.2000000
3   -323.069  -257.095  84.857  0  0.0448961  1.2000000
3   -323.066  -257.062  84.891  0  0.0405990  1.2000000
3   -323.063  -257.028  84.910  0  0.0367237  1.2000000
3   -323.060  -256.994  84.925  0  0.0332396  1.2000000
3   -323.057  -256.960  84.939  0  0.0301116  1.2000000
3   -323.054  -256.925  84.950  0  0.0273031  1.2000000
3   -323.051  -256.889  84.961  0  0.0247804  1.2000000
3   -323.048  -256.854  84.970  0  0.0225144  1.2000000
3   -323.044  -256.818  84.978  0  0.0204818  1.2000000
3   -323.041  -256.782  84.985  0  0.0186646  1.2000000
3   -323.038  -256.746  84.992  0  0.0170476  1.2000000
3   -323.035  -256.711  84.999  0  0.0156193  1.2000000
3   -323.032  -256.675  85.006  0  0.0143730  1.2000000
3   -323.029  -256.640  85.013  0  0.0133067  1.2000000
3   -323.026  -256.605  85.020  0  0.0124203  1.2000000
3   -323.023  -256.571  85.028  0  0.0117166  1.2000000
3   -323.020  -256.536  85.034  0  0.0112024  1.2000000
3   -323.017  -256.503  85.038  0  0.0108810  1.2000000
3   -323.014  -256.469  85.073  0  0.0107177  1.2000000
3   -323.011  -256.436  85.121  0  0.0106632  1.2000000
3   -323.008  -256.403  85.151  0  0.0107023  1.2000000
3   -323.005  -256.370  85.172  0  0.0108349  1.2000000
3   -323.003  -256.337  85.209  0  0.0110324  1.2000000
3   -323.000  -256.304  85.250  0  0.0112461  1.2000000
3   -322.997  -256.270  85.276  0  0.0114661  1.2000000
3   -322.994  -256.236  85.294  0  0.0117130  1.2000000
3   -322.991  -256.201  85.312  0  0.0119894  1.2000000
3   -322.988  -256.166  85.328  0  0.0122807  1.2000000
3   -322.986  -256.130  85.344  0  0.0125760  1.2000000
3   -322.983  -256.094  85.360  0  0.0128679  1.2000000
3   -322.980  -256.057  85.377  0  0.0131503  1.2000000
3   -322.977  -256.021  85.394  0  0.0134179  1.2000000
3   -322.974  -255.984  85.414  0  0.0136646  1.2000000
3   -322.971  -255.947  85.436  0  0.0138838  1.2000000
3   -322.968  -255.910  85.459  0  0.0140729  1.2000000
3   -322.965  -255.873  85.486  0  0.0142320  1.2000000
3   -322.962  -255.837  85.517  0  0.0143569  1.2000000
3   -322.959  -255.800  85.552  0  0.0144380  1.2000000
3   -322.956  -255.764  85.593  0  0.0144690  1.2000000
3   -322.954  -255.728  85.640  0  0.0144455  1.2000000
3   -322.951  -255.692  85.692  0  0.0143643  1.2000000
3   -322.948  -255.657  85.747  0  0.0142246  1.2000000
3   -322.946  -255.622  85.783  0  0.0140386  1.2000000
3   -322.943  -255.587  85.812  0  0.0138369  1.2000000
3   -322.940  -255.552  85.868  0  0.0136285  1.2000000
3   -322.938  -255.518  85.933  0  0.0133905  1.2000000
3   -322.935  -255.482  85.987  0  0.0131050  1.2000000
3   -322.933  -255.447  86.032  0  0.0127759  1.2000000
3   -322.930  -255.411  86.068  0  0.0124158  1.2000000
3   -322.928  -255.375  86.097  0  0.0120319  1.2000000
3   -322.926  -255.339  86.121  0  0.0116251  1.2000000
3   -322.923  -255.303  86.138  0  0.0111966  1.2000000
3   -322.921  -255.267  86.151  0  0.0107486  1.2000000
3   -322.918  -255.231  86.158  0  0.0102836  1.2000000
3   -322.916  -255.196  86.160  0  0.0098043  1.2000000
3   -322.914  -255.161  86.158  0  0.0093137  1.2000000
3   -322.911  -255.126  86.151  0  0.0088157  1.2000000
3   -322.909  -255.092  86.138  0  0.0083160  1.2000000
3   -322.907  -255.058  86.122  0  0.0078234  1.2000000
3   -322.904  -255.025  86.118  0  0.0073407  1.2000000
3   -322.902  -254.993  86.119  0  0.0068629  1.2000000
3   -322.900  -254.960  86.114  0  0.0063922  1.2000000
3   -322.898  -254.928  86.107  0  0.0059368  1.2000000
3   -322.896  -254.896  86.115  0  0.0054976  1.2000000
3   -322.893  -254.864  86.128  0  0.0050701  1.2000000
3   -322.891  -254.832  86.154  0  0.0046481  1.2000000
3   -322.889  -254.799  86.184  0  0.0042222  1.2000000
3   -322.887  -254.766  86.227  0  0.0037761  1.2000000
3   -322.885  -254.733  86.275  0  0.0032870  1.2000000
3   -322.883  -254.699  86.313  0  0.0027540  1.2000000
3   -322.880  -254.665  86.342  0  0.0021949  1.2000000
3   -322.878  -254.630  86.364  0  0.0016224  1.2000000
4   -322.876  -254.595  86.380  0  0.0010417  1.2000000
4   -322.874  -254.560  86.389  0  0.0005439  1.2000000
4   -322.871  -254.524  86.393  0  0.0004668  1.2000000
4   -322.869  -254.489  86.391  0  0.0008208  1.2000000
4   -322.867  -254.453  86.383  0  0.0012795  1.2000000
4   -322.865  -254.418  86.370  0  0.0017324  1.2000000
4   -322.862  -254.383  86.350  0  0.0021513  1.2000000
4   -322.860  -254.348  86.323  0  0.0025197  1.2000000
4   -322.858  -254.314  86.293  0  0.0028205  1.2000000
4   -322.856  -254.279  86.261  0  0.0030454  1.2000000
4   -322.854  -254.245  86.227  0  0.0031917  1.2000000
4   -322.851  -254.210  86.207  0  0.0032662  1.2000000
4   -322.849  -254.175  86.190  0  0.0032768  1.2000000
4   -322.847  -254.140  86.177  0  0.0032239  1.2000000
4   -322.844  -254.104  86.164  0  0.0031072  1.1980198
4   -322.842  -254.068  86.151  0  0.0029261  1.1827148
4   -322.839  -254.031  86.140  0  0.0026757  1.1670646
4   -322.837  -253.994  86.129  0  0.0023454  1.1510761
4   -322.834  -253.957  86.117  0  0.0019208  1.1347680
4   -322.832  -253.919  86.105  0  0.0013869  1.1181444
4   -322.829  -253.882  86.093  0  0.0007297  1.1012205
4   -322.827  -253.844  86.079  0  0.0005745  1.0840040
4   -322.824  -253.807  86.064  0  0.0012401  1.0665016
4   -322.821  -253.769  86.047  0  0.0023186  1.0487227
4   -322.819  -253.732  86.029  0  0.0036933  1.0306771
4   -322.816  -253.695  86.007  0  0.0053483  1.0123753
4   -322.814  -253.658  85.983  0  0.0073063  0.9938296
4   -322.811  -253.621  85.955  0  0.0095997  0.9750556
4   -322.809  -253.584  85.980  0  0.0122432  0.9560727
4   -322.806  -253.548  86.034  0  0.0152365  0.9369923
4   -322.803  -253.512  86.055  0  0.0185775  0.9176338
4   -322.801  -253.477  86.060  0  0.0523135  0.8980253
4   -322.799  -253.441  86.090  0  0.0949527  0.8779580
4   -322.796  -253.406  86.132  0  0.1091658  0.8574501
4   -322.794  -253.370  86.174  0  0.1139035  0.8362609
4   -322.791  -253.334  86.217  0  0.1154827  0.8143788
4   -322.789  -253.298  86.263  0  0.1160092  0.7918103
4   -322.787  -253.261  86.311  0  0.1161846  0.7685314
4   -322.784  -253.225  86.364  0  0.1162431  0.7445325
4   -322.782  -253.189  86.423  0  0.1162626  0.7197947
4   -322.780  -253.153  86.492  0  0.1162691  0.6942910
4   -322.778  -253.117  86.565  0  0.1162713  0.6679953
4   -322.775  -253.082  86.660  0  0.1162720  0.6408794
4   -322.773  -253.047  86.763  0  0.1162722  0.6129113
4   -322.771  -253.012  86.884  0  0.1162723  0.5840426
4   -322.770  -252.978  87.034  0  0.1162723  0.5542362
4   -322.768  -252.945  87.215  0  0.1162724  0.5234606
4   -322.766  -252.913  87.434  0  0.1162724  0.4916737
4   -322.765  -252.882  87.704  0  0.1162724  0.4588272
4   -322.764  -252.852  88.014  0  0.1162724  0.4248819
4   -322.763  -252.823  88.396  0  0.1162724  0.3891870
4   -322.762  -252.795  88.830  0  0.1162724  0.3515340
4   -322.761  -252.768  89.328  0  0.1162724  0.3107403
4   -322.761  -252.742  89.985  0  0.1162724  0.2658490
4   -322.761  -252.718  90.714  0  0.1162724  0.2149130
4   -322.761  -252.694  91.225  0  0.0775149  0.1512061
4   -322.762  -252.671  91.225  0  0.0000000  0.0000000
