0   -173.189  2.925  1.819  0  0.0000000  1.2000000
0   -173.152  2.926  1.696  0  0.0211445  1.2000000
0   -173.115  2.927  1.591  0  0.0281927  1.2000000
0   -173.078  2.928  1.501  0  0.0305421  1.2000000
0   -173.040  2.929  1.417  0  0.0313252  1.2000000
0   -173.002  2.930  1.333  0  0.0315863  1.2000000
0   -172.965  2.931  1.252  0  0.0316733  1.2000000
0   -172.927  2.932  1.180  0  0.0317023  1.2000000
0   -172.889  2.932  1.119  0  0.0317119  1.2000000
0   -172.851  2.933  1.069  0  0.0317152  1.2000000
0   -172.813  2.934  1.026  0  0.0317162  1.2000000
0   -172.775  2.934  0.982  0  0.0317166  1.2000000
0   -172.737  2.935  0.939  0  0.0317167  1.2000000
0   -172.700  2.936  0.869  0  0.0317168  1.2000000
0   -172.663  2.936  0.863  0  0.0269621  1.2000000
0   -172.625  2.937  0.798  0  0.0202350  1.2000000
0   -172.587  2.937  0.776  0  0.0173003  1.2000000
0   -172.550  2.938  0.916  0  0.0160209  1.2000000
0   -172.511  2.938  0.729  0  0.0154682  1.2000000
0   -172.473  2.939  0.714  0  0.0150106  1.2000000
0   -172.434  2.939  0.754  0  0.0148555  1.2000000
0   -172.396  2.940  0.735  0  0.0152227  1.2000000
0   -172.357  2.940  0.676  0  0.0157946  1.2000000
0   -172.318  2.941  0.625  0  0.0163803  1.2000000
0   -172.279  2.941  0.594  0  0.0171529  1.2000000
0   -172.240  2.942  0.571  0  0.0181903  1.2000000
0   -172.201  2.942  0.538  0  0.0193694  1.2000000
0   -172.162  2.943  0.493  0  0.0205332  1.2000000
0   -172.122  2.943  0.442  0  0.0215677  1.2000000
0   -172.083  2.943  0.392  0  0.0224661  1.2000000
0   -172.044  2.943  0.345  0  0.0232685  1.2000000
0   -172.005  2.944  0.313  0  0.0238458  1.2000000
0   -171.966  2.944  0.196  0  0.0241195  1.2000000
0   -171.927  2.944  0.267  0  0.0242733  1.2000000
0   -171.889  2.944  0.061  0  0.0240163  1.2000000
0   -171.850  2.944  359.918  0  0.0229280  1.2000000
0   -171.811  2.944  0.000  0  0.0213004  1.2000000
0   -171.772  2.944  359.880  0  0.0193885  1.2000000
0   -171.732  2.944  359.695  0  0.0166850  1.2000000
0   -171.693  2.944  359.596  0  0.0130209  1.2000000
0   -171.654  2.944  359.597  0  0.0087739  1.2000000
0   -171.614  2.943  359.629  0  0.0046716  1.1929465
0   -171.575  2.943  359.638  0  0.0040751  1.1762811
0   -171.535  2.943  359.618  0  0.0077488  1.1593647
0   -171.496  2.943  359.595  0  0.0131564  1.1421940
0   -171.456  2.942  359.600  0  0.0195173  1.1247645
0   -171.417  2.942  359.647  0  0.0264988  1.1070690
0   -171.377  2.942  359.730  0  0.0339909  1.0890988
0   -171.338  2.942  359.844  0  0.0418108  1.0708441
0   -171.298  2.941  359.938  0  0.0497642  1.0522939
0   -171.259  2.941  0.152  0  0.0579434  1.0334409
0   -171.220  2.942  0.111  0  0.0667372  1.0142688
0   -171.181  2.942  0.548  0  0.0758940  0.9947762
0   -171.142  2.942  0.519  0  0.0855036  0.9749383
0   -171.102  2.942  0.754  0  0.0962257  0.9546691
0   -171.063  2.943  1.072  0  0.1080789  0.9339475
0   -171.024  2.944  1.302  0  0.1209756  0.9127352
0   -170.985  2.944  1.490  0  0.1351260  0.8910069
0   -170.946  2.945  1.726  0  0.1504347  0.8687458
0   -170.907  2.947  2.034  0  0.1663381  0.8459258
0   -170.868  2.948  2.386  0  0.1826493  0.8225041
0   -170.829  2.950  2.751  0  0.1992251  0.7984272
0   -170.790  2.952  3.129  0  0.2158564  0.7736388
0   -170.751  2.954  3.547  0  0.2322941  0.7480835
0   -170.712  2.956  4.039  0  0.2483484  0.7217024
0   -170.674  2.959  4.633  0  0.2636094  0.6944257
0   -170.635  2.962  5.341  0  0.2778022  0.6661639
0   -170.597  2.965  6.169  0  0.2905051  0.6370532
0   -170.559  2.970  7.110  0  0.3010991  0.6146528
0   -170.522  2.974  8.219  0  0.3092933  0.5983782
0   -170.485  2.980  8.991  0  0.3153503  0.5868919
0   -170.447  2.985  10.168  0  0.3192852  0.5796632
0   -170.410  2.992  10.742  0  0.3216183  0.5754606
0   -170.373  2.999  11.445  0  0.3234205  0.5722557
0   -170.335  3.007  12.201  0  0.3252461  0.5690454
0   -170.298  3.015  12.850  0  0.3274462  0.5652242
0   -170.260  3.024  13.405  0  0.3303233  0.5603039
0   -170.223  3.032  13.943  0  0.3345929  0.5531580
0   -170.185  3.042  14.511  0  0.3405522  0.5434837
0   -170.148  3.051  15.108  0  0.3480386  0.5317994
1   -170.111  3.061  15.718  0  0.3568906  0.5186158
1   -170.073  3.072  16.338  0  0.3671089  0.5041878
1   -170.036  3.083  16.984  0  0.3787697  0.4886734
1   -170.000  3.094  17.686  0  0.3919311  0.4722711
1   -169.963  3.106  18.474  0  0.4061965  0.4556927
1   -169.927  3.118  19.360  0  0.4211635  0.4395058
1   -169.891  3.131  20.436  0  0.4361198  0.4244398
1   -169.855  3.144  21.444  0  0.4503369  0.4110458
1   -169.820  3.158  23.002  0  0.4631178  0.3997064
1   -169.785  3.172  24.046  0  0.4743068  0.3902809
1   -169.751  3.188  25.409  0  0.4841707  0.3823329
1   -169.717  3.204  26.935  0  0.4922183  0.3760842
1   -169.683  3.221  28.234  0  0.4986715  0.3712192
1   -169.650  3.239  29.346  0  0.5044961  0.3669349
1   -169.617  3.257  30.373  0  0.5105216  0.3626057
1   -169.584  3.277  31.376  0  0.5169167  0.3581213
1   -169.551  3.297  32.363  0  0.5236680  0.3535059
1   -169.519  3.317  33.323  0  0.5306426  0.3488611
1   -169.487  3.338  34.258  0  0.5376850  0.3442935
1   -169.455  3.360  35.188  0  0.5450081  0.3396689
1   -169.424  3.382  36.145  0  0.5527794  0.3348952
1   -169.393  3.404  37.163  0  0.5608627  0.3300702
1   -169.363  3.427  38.273  0  0.5693057  0.3251767
1   -169.333  3.451  39.498  0  0.5778867  0.3203497
1   -169.304  3.475  40.862  0  0.5860847  0.3158702
1   -169.275  3.500  42.389  0  0.5937660  0.3117852
1   -169.247  3.525  44.117  0  0.6004447  0.3083183
1   -169.221  3.551  45.929  0  0.6053955  0.3057977
1   -169.194  3.578  47.723  0  0.6082506  0.3043628
1   -169.169  3.606  49.172  0  0.6098394  0.3035701
1   -169.144  3.635  50.761  0  0.6109263  0.3030301
1   -169.120  3.664  51.883  0  0.6122590  0.3023707
1   -169.096  3.694  53.089  0  0.6150320  0.3010078
1   -169.073  3.725  54.290  0  0.6193962  0.2988876
1   -169.051  3.756  55.383  0  0.6249665  0.2962244
1   -169.029  3.787  56.406  0  0.6314074  0.2932035
1   -169.008  3.819  57.440  0  0.6385319  0.2899330
1   -168.988  3.851  58.531  0  0.6462004  0.2864934
1   -168.968  3.883  59.688  0  0.6541989  0.2829916
1   -168.949  3.916  60.915  0  0.6622095  0.2795692
1   -168.931  3.949  62.241  0  0.6698599  0.2763772
1   -168.913  3.982  63.679  0  0.6767138  0.2735788
1   -168.897  4.015  65.232  0  0.6822546  0.2713576
1   -168.881  4.049  67.311  0  0.6850762  0.2702402
1   -168.867  4.083  69.145  0  0.6842027  0.2705851
1   -168.854  4.117  71.250  0  0.6790343  0.2726441
1   -168.843  4.151  73.559  0  0.6683773  0.2769901
1   -168.832  4.186  75.496  0  0.6521521  0.2838795
1   -168.823  4.222  77.006  0  0.6314030  0.2932056
1   -168.815  4.259  78.268  0  0.6074211  0.3047783
1   -168.807  4.295  79.457  0  0.5811026  0.3185775
1   -168.800  4.332  80.601  0  0.5529367  0.3348000
1   -168.794  4.370  81.633  0  0.5233952  0.3536901
1   -168.788  4.408  82.503  0  0.4931400  0.3753815
1   -168.783  4.446  83.228  0  0.4629716  0.3998326
1   -168.779  4.484  83.873  0  0.4336400  0.4268659
1   -168.775  4.522  84.508  0  0.4056638  0.4562909
1   -168.771  4.561  85.146  0  0.3796525  0.4875377
1   -168.768  4.599  85.844  0  0.3558622  0.5201138
1   -168.765  4.638  86.482  0  0.3343035  0.5536367
1   -168.762  4.676  87.179  0  0.3151851  0.5871993
1   -168.761  4.715  87.836  0  0.2983045  0.6204074
1   -168.759  4.754  88.519  0  0.2829825  0.6539772
1   -168.758  4.793  89.266  0  0.2683148  0.6897028
1   -168.758  4.831  89.943  0  0.2537505  0.7292601
1   -168.758  4.870  90.608  0  0.2390874  0.7739507
1   -168.758  4.908  91.204  0  0.2242171  0.8252375
1   -168.759  4.947  91.729  0  0.2091470  0.8846472
1   -168.760  4.986  92.179  0  0.1938939  0.9541739
1   -168.761  5.025  92.559  0  0.1785131  1.0363010
1   -168.763  5.064  92.878  0  0.1631294  1.1339169
1   -168.765  5.103  93.146  0  0.1479156  1.2000000
1   -168.767  5.142  93.370  0  0.1331165  1.2000000
1   -168.770  5.181  93.555  0  0.1189390  1.2000000
1   -168.772  5.220  93.708  0  0.1055481  1.2000000
1   -168.775  5.259  93.836  0  0.0930863  1.2000000
1   -168.777  5.299  93.949  0  0.0816435  1.2000000
1   -168.780  5.338  94.039  0  0.0713688  1.2000000
1   -168.783  5.377  94.135  0  0.0623262  1.2000000
1   -168.785  5.416  94.181  0  0.0545143  1.1952503
2   -168.788  5.455  94.243  0  0.0478848  1.1787944
2   -168.791  5.494  94.330  0  0.0422329  1.1621397
2   -168.794  5.532  94.436  0  0.0372882  1.1453485
2   -168.797  5.571  94.538  0  0.0328172  1.1282497
2   -168.800  5.610  94.603  0  0.0286854  1.1108405
2   -168.803  5.649  94.655  0  0.0248166  1.0931174
2   -168.807  5.688  94.708  0  0.0211248  1.0750751
2   -168.810  5.727  94.755  0  0.0174937  1.0567055
2   -168.813  5.766  94.791  0  0.0138183  1.0379983
2   -168.816  5.805  94.816  0  0.0099928  1.0189418
2   -168.820  5.844  94.836  0  0.0059048  0.9995228
2   -168.823  5.883  94.851  0  0.0035675  0.9797267
2   -168.826  5.922  94.859  0  0.0050009  0.9595376
2   -168.829  5.961  94.856  0  0.0090685  0.9389384
2   -168.833  6.000  94.838  0  0.0142899  0.9179109
2   -168.836  6.039  94.808  0  0.0201240  0.8964363
2   -168.839  6.078  94.758  0  0.0263522  0.8744942
2   -168.843  6.116  94.714  0  0.0329312  0.8520631
2   -168.846  6.155  94.635  0  0.0399132  0.8291193
2   -168.849  6.193  94.559  0  0.0473870  0.8056383
2   -168.852  6.231  94.469  0  0.0555062  0.7815931
2   -168.855  6.269  94.351  0  0.0643927  0.7569550
2   -168.858  6.306  94.210  0  0.0741706  0.7316932
2   -168.860  6.343  94.009  0  0.1114162  0.7057501
2   -168.863  6.380  93.785  0  0.1542290  0.6790872
2   -168.865  6.417  93.564  0  0.1685000  0.6512888
2   -168.868  6.454  93.337  0  0.1732570  0.6222511
2   -168.870  6.491  93.101  0  0.1748426  0.5918429
2   -168.872  6.528  92.851  0  0.1753712  0.5598961
2   -168.874  6.564  92.579  0  0.1755474  0.5261915
2   -168.875  6.600  92.276  0  0.1756061  0.4904361
2   -168.877  6.636  91.934  0  0.1756257  0.4522241
2   -168.878  6.672  91.529  0  0.1756322  0.4109674
2   -168.879  6.707  91.082  0  0.1756344  0.3657552
2   -168.880  6.742  90.509  0  0.1756351  0.3150483
2   -168.880  6.775  89.891  0  0.1756353  0.2557913
2   -168.880  6.808  89.145  0  0.1170903  0.1800911
2   -168.879  6.841  89.145  0  0.0000000  0.0000000
